0 100
1 99.92
2 99.8402
3 99.7604
4 99.6806
5 99.601
6 99.5214
7 99.442
8 99.3626
9 99.2832
10 99.204
11 99.1248
12 99.0457
13 98.9667
14 98.8878
15 98.809
16 98.7302
17 98.6515
18 98.5729
19 98.4943
20 98.4159
21 98.3375
22 98.2592
23 98.181
24 98.1029
25 98.0248
26 97.9468
27 97.8689
28 97.7911
29 97.7133
30 97.6356
31 97.558
32 97.4805
33 97.4031
34 97.3257
35 97.2484
36 97.1712
37 97.0941
38 97.017
39 96.9401
40 96.8632
41 96.7863
42 96.7096
43 96.6329
44 96.5563
45 96.4798
46 96.4034
47 96.327
48 96.2507
49 96.1745
50 96.0984
51 96.0223
52 95.9463
53 95.8704
54 95.7946
55 95.7188
56 95.6431
57 95.5675
58 95.492
59 95.4165
60 95.3412
61 95.2659
62 95.1906
63 95.1155
64 95.0404
65 94.9654
66 94.8905
67 94.8156
68 94.7408
69 94.6661
70 94.5915
71 94.517
72 94.4425
73 94.3681
74 94.2937
75 94.2195
76 94.1453
77 94.0712
78 93.9972
79 93.9232
80 93.8493
81 93.7755
82 93.7018
83 93.6281
84 93.5545
85 93.481
86 93.4075
87 93.3342
88 93.2609
89 93.1876
90 93.1145
91 93.0414
92 92.9684
93 92.8955
94 92.8226
95 92.7498
96 92.6771
97 92.6045
98 92.5319
99 92.4594
100 92.387
101 92.3146
102 92.2424
103 92.1702
104 92.098
105 92.026
106 91.954
107 91.8821
108 91.8102
109 91.7384
110 91.6667
111 91.5951
112 91.5235
113 91.4521
114 91.3806
115 91.3093
116 91.238
117 91.1668
118 91.0957
119 91.0246
120 90.9536
121 90.8827
122 90.8119
123 90.7411
124 90.6704
125 90.5998
126 90.5292
127 90.4587
128 90.3883
129 90.3179
130 90.2476
131 90.1774
132 90.1073
133 90.0372
134 89.9672
135 89.8973
136 89.8274
137 89.7576
138 89.6879
139 89.6182
140 89.5487
141 89.4791
142 89.4097
143 89.3403
144 89.271
145 89.2018
146 89.1326
147 89.0635
148 88.9945
149 88.9255
150 88.8566
151 88.7878
152 88.7191
153 88.6504
154 88.5818
155 88.5132
156 88.4447
157 88.3763
158 88.308
159 88.2397
160 88.1715
161 88.1034
162 88.0353
163 87.9673
164 87.8994
165 87.8315
166 87.7637
167 87.696
168 87.6283
169 87.5607
170 87.4932
171 87.4257
172 87.3583
173 87.291
174 87.2238
175 87.1566
176 87.0894
177 87.0224
178 86.9554
179 86.8885
180 86.8216
181 86.7548
182 86.6881
183 86.6215
184 86.5549
185 86.4883
186 86.4219
187 86.3555
188 86.2892
189 86.2229
190 86.1567
191 86.0906
192 86.0245
193 85.9586
194 85.8926
195 85.8268
196 85.761
197 85.6953
198 85.6296
199 85.564
200 85.4985
201 85.433
202 85.3676
203 85.3023
204 85.237
205 85.1718
206 85.1066
207 85.0416
208 84.9766
209 84.9116
210 84.8467
211 84.7819
212 84.7172
213 84.6525
214 84.5879
215 84.5233
216 84.4588
217 84.3944
218 84.33
219 84.2657
220 84.2015
221 84.1373
222 84.0732
223 84.0092
224 83.9452
225 83.8813
226 83.8174
227 83.7537
228 83.6899
229 83.6263
230 83.5627
231 83.4992
232 83.4357
233 83.3723
234 83.3089
235 83.2457
236 83.1825
237 83.1193
238 83.0562
239 82.9932
240 82.9302
241 82.8673
242 82.8045
243 82.7417
244 82.679
245 82.6164
246 82.5538
247 82.4913
248 82.4288
249 82.3664
250 82.3041
251 82.2418
252 82.1796
253 82.1174
254 82.0553
255 81.9933
256 81.9314
257 81.8695
258 81.8076
259 81.7458
260 81.6841
261 81.6225
262 81.5609
263 81.4994
264 81.4379
265 81.3765
266 81.3151
267 81.2538
268 81.1926
269 81.1315
270 81.0704
271 81.0093
272 80.9483
273 80.8874
274 80.8266
275 80.7658
276 80.705
277 80.6444
278 80.5837
279 80.5232
280 80.4627
281 80.4023
282 80.3419
283 80.2816
284 80.2213
285 80.1611
286 80.101
287 80.0409
288 79.9809
289 79.921
290 79.8611
291 79.8013
292 79.7415
293 79.6818
294 79.6221
295 79.5625
296 79.503
297 79.4435
298 79.3841
299 79.3248
300 79.2655
301 79.2062
302 79.147
303 79.0879
304 79.0289
305 78.9699
306 78.9109
307 78.852
308 78.7932
309 78.7345
310 78.6758
311 78.6171
312 78.5585
313 78.5
314 78.4415
315 78.3831
316 78.3248
317 78.2665
318 78.2082
319 78.15
320 78.0919
321 78.0339
322 77.9759
323 77.9179
324 77.86
325 77.8022
326 77.7444
327 77.6867
328 77.629
329 77.5714
330 77.5139
331 77.4564
332 77.399
333 77.3416
334 77.2843
335 77.227
336 77.1698
337 77.1127
338 77.0556
339 76.9986
340 76.9416
341 76.8847
342 76.8279
343 76.7711
344 76.7143
345 76.6576
346 76.601
347 76.5444
348 76.4879
349 76.4315
350 76.375
351 76.3187
352 76.2624
353 76.2062
354 76.15
355 76.0939
356 76.0378
357 75.9818
358 75.9258
359 75.8699
360 75.8141
361 75.7583
362 75.7026
363 75.6469
364 75.5913
365 75.5357
366 75.4802
367 75.4248
368 75.3694
369 75.314
370 75.2587
371 75.2035
372 75.1483
373 75.0932
374 75.0382
375 74.9831
376 74.9282
377 74.8733
378 74.8184
379 74.7636
380 74.7089
381 74.6542
382 74.5996
383 74.545
384 74.4905
385 74.4361
386 74.3816
387 74.3273
388 74.273
389 74.2187
390 74.1645
391 74.1104
392 74.0563
393 74.0023
394 73.9483
395 73.8944
396 73.8405
397 73.7867
398 73.733
399 73.6793
400 73.6256
401 73.572
402 73.5185
403 73.465
404 73.4115
405 73.3581
406 73.3048
407 73.2515
408 73.1983
409 73.1451
410 73.092
411 73.039
412 72.9859
413 72.933
414 72.8801
415 72.8272
416 72.7744
417 72.7217
418 72.669
419 72.6163
420 72.5637
421 72.5112
422 72.4587
423 72.4063
424 72.3539
425 72.3016
426 72.2493
427 72.1971
428 72.1449
429 72.0928
430 72.0407
431 71.9887
432 71.9368
433 71.8848
434 71.833
435 71.7812
436 71.7294
437 71.6777
438 71.6261
439 71.5745
440 71.5229
441 71.4714
442 71.42
443 71.3686
444 71.3172
445 71.2659
446 71.2147
447 71.1635
448 71.1124
449 71.0613
450 71.0103
451 70.9593
452 70.9083
453 70.8575
454 70.8066
455 70.7558
456 70.7051
457 70.6544
458 70.6038
459 70.5532
460 70.5027
461 70.4522
462 70.4018
463 70.3514
464 70.3011
465 70.2508
466 70.2006
467 70.1504
468 70.1003
469 70.0502
470 70.0002
471 69.9502
472 69.9003
473 69.8504
474 69.8006
475 69.7508
476 69.7011
477 69.6514
478 69.6018
479 69.5522
480 69.5027
481 69.4532
482 69.4038
483 69.3544
484 69.3051
485 69.2558
486 69.2065
487 69.1574
488 69.1082
489 69.0591
490 69.0101
491 68.9611
492 68.9122
493 68.8633
494 68.8145
495 68.7657
496 68.7169
497 68.6682
498 68.6196
499 68.571
500 68.5225
501 68.474
502 68.4255
503 68.3771
504 68.3288
505 68.2804
506 68.2322
507 68.184
508 68.1358
509 68.0877
510 68.0396
511 67.9916
512 67.9437
513 67.8957
514 67.8479
515 67.8
516 67.7523
517 67.7045
518 67.6569
519 67.6092
520 67.5616
521 67.5141
522 67.4666
523 67.4192
524 67.3718
525 67.3244
526 67.2771
527 67.2299
528 67.1827
529 67.1355
530 67.0884
531 67.0413
532 66.9943
533 66.9473
534 66.9004
535 66.8535
536 66.8067
537 66.7599
538 66.7132
539 66.6665
540 66.6199
541 66.5733
542 66.5267
543 66.4802
544 66.4338
545 66.3873
546 66.341
547 66.2947
548 66.2484
549 66.2022
550 66.156
551 66.1099
552 66.0638
553 66.0177
554 65.9717
555 65.9258
556 65.8799
557 65.834
558 65.7882
559 65.7424
560 65.6967
561 65.6511
562 65.6054
563 65.5598
564 65.5143
565 65.4688
566 65.4234
567 65.378
568 65.3326
569 65.2873
570 65.242
571 65.1968
572 65.1516
573 65.1065
574 65.0614
575 65.0164
576 64.9714
577 64.9264
578 64.8815
579 64.8367
580 64.7919
581 64.7471
582 64.7024
583 64.6577
584 64.6131
585 64.5685
586 64.5239
587 64.4794
588 64.435
589 64.3906
590 64.3462
591 64.3019
592 64.2576
593 64.2133
594 64.1692
595 64.125
596 64.0809
597 64.0368
598 63.9928
599 63.9489
600 63.9049
601 63.861
602 63.8172
603 63.7734
604 63.7297
605 63.686
606 63.6423
607 63.5987
608 63.5551
609 63.5116
610 63.4681
611 63.4246
612 63.3812
613 63.3379
614 63.2945
615 63.2513
616 63.208
617 63.1649
618 63.1217
619 63.0786
620 63.0356
621 62.9925
622 62.9496
623 62.9066
624 62.8638
625 62.8209
626 62.7781
627 62.7354
628 62.6926
629 62.65
630 62.6073
631 62.5648
632 62.5222
633 62.4797
634 62.4373
635 62.3948
636 62.3525
637 62.3101
638 62.2678
639 62.2256
640 62.1834
641 62.1412
642 62.0991
643 62.057
644 62.015
645 61.973
646 61.9311
647 61.8891
648 61.8473
649 61.8054
650 61.7637
651 61.7219
652 61.6802
653 61.6386
654 61.5969
655 61.5554
656 61.5138
657 61.4723
658 61.4309
659 61.3895
660 61.3481
661 61.3068
662 61.2655
663 61.2242
664 61.183
665 61.1419
666 61.1008
667 61.0597
668 61.0186
669 60.9776
670 60.9367
671 60.8958
672 60.8549
673 60.8141
674 60.7733
675 60.7325
676 60.6918
677 60.6511
678 60.6105
679 60.5699
680 60.5294
681 60.4889
682 60.4484
683 60.408
684 60.3676
685 60.3272
686 60.2869
687 60.2466
688 60.2064
689 60.1662
690 60.1261
691 60.086
692 60.0459
693 60.0059
694 59.9659
695 59.926
696 59.886
697 59.8462
698 59.8064
699 59.7666
700 59.7268
701 59.6871
702 59.6475
703 59.6078
704 59.5682
705 59.5287
706 59.4892
707 59.4497
708 59.4103
709 59.3709
710 59.3315
711 59.2922
712 59.253
713 59.2137
714 59.1745
715 59.1354
716 59.0963
717 59.0572
718 59.0181
719 58.9791
720 58.9402
721 58.9013
722 58.8624
723 58.8235
724 58.7847
725 58.746
726 58.7072
727 58.6686
728 58.6299
729 58.5913
730 58.5527
731 58.5142
732 58.4757
733 58.4372
734 58.3988
735 58.3604
736 58.3221
737 58.2838
738 58.2455
739 58.2073
740 58.1691
741 58.131
742 58.0929
743 58.0548
744 58.0167
745 57.9787
746 57.9408
747 57.9029
748 57.865
749 57.8271
750 57.7893
751 57.7516
752 57.7138
753 57.6761
754 57.6385
755 57.6008
756 57.5633
757 57.5257
758 57.4882
759 57.4507
760 57.4133
761 57.3759
762 57.3386
763 57.3012
764 57.264
765 57.2267
766 57.1895
767 57.1523
768 57.1152
769 57.0781
770 57.041
771 57.004
772 56.967
773 56.9301
774 56.8932
775 56.8563
776 56.8195
777 56.7827
778 56.7459
779 56.7092
780 56.6725
781 56.6358
782 56.5992
783 56.5626
784 56.5261
785 56.4896
786 56.4531
787 56.4167
788 56.3803
789 56.3439
790 56.3076
791 56.2713
792 56.235
793 56.1988
794 56.1626
795 56.1265
796 56.0904
797 56.0543
798 56.0183
799 55.9823
800 55.9463
801 55.9104
802 55.8745
803 55.8386
804 55.8028
805 55.767
806 55.7313
807 55.6956
808 55.6599
809 55.6243
810 55.5886
811 55.5531
812 55.5175
813 55.482
814 55.4466
815 55.4111
816 55.3758
817 55.3404
818 55.3051
819 55.2698
820 55.2345
821 55.1993
822 55.1641
823 55.129
824 55.0939
825 55.0588
826 55.0238
827 54.9888
828 54.9538
829 54.9188
830 54.8839
831 54.8491
832 54.8142
833 54.7794
834 54.7447
835 54.71
836 54.6753
837 54.6406
838 54.606
839 54.5714
840 54.5368
841 54.5023
842 54.4678
843 54.4334
844 54.399
845 54.3646
846 54.3302
847 54.2959
848 54.2616
849 54.2274
850 54.1932
851 54.159
852 54.1249
853 54.0908
854 54.0567
855 54.0227
856 53.9886
857 53.9547
858 53.9207
859 53.8868
860 53.853
861 53.8191
862 53.7853
863 53.7516
864 53.7178
865 53.6841
866 53.6505
867 53.6168
868 53.5832
869 53.5497
870 53.5161
871 53.4826
872 53.4492
873 53.4157
874 53.3823
875 53.349
876 53.3156
877 53.2823
878 53.2491
879 53.2158
880 53.1826
881 53.1495
882 53.1163
883 53.0832
884 53.0502
885 53.0171
886 52.9841
887 52.9512
888 52.9182
889 52.8853
890 52.8525
891 52.8196
892 52.7868
893 52.7541
894 52.7213
895 52.6886
896 52.6559
897 52.6233
898 52.5907
899 52.5581
900 52.5256
901 52.4931
902 52.4606
903 52.4281
904 52.3957
905 52.3634
906 52.331
907 52.2987
908 52.2664
909 52.2342
910 52.2019
911 52.1698
912 52.1376
913 52.1055
914 52.0734
915 52.0413
916 52.0093
917 51.9773
918 51.9454
919 51.9134
920 51.8815
921 51.8497
922 51.8178
923 51.786
924 51.7543
925 51.7225
926 51.6908
927 51.6591
928 51.6275
929 51.5959
930 51.5643
931 51.5327
932 51.5012
933 51.4697
934 51.4383
935 51.4069
936 51.3755
937 51.3441
938 51.3128
939 51.2815
940 51.2502
941 51.219
942 51.1878
943 51.1566
944 51.1255
945 51.0944
946 51.0633
947 51.0322
948 51.0012
949 50.9702
950 50.9393
951 50.9084
952 50.8775
953 50.8466
954 50.8158
955 50.785
956 50.7542
957 50.7235
958 50.6928
959 50.6621
960 50.6314
961 50.6008
962 50.5702
963 50.5397
964 50.5091
965 50.4787
966 50.4482
967 50.4178
968 50.3874
969 50.357
970 50.3266
971 50.2963
972 50.2661
973 50.2358
974 50.2056
975 50.1754
976 50.1452
977 50.1151
978 50.085
979 50.0549
980 50.0249
981 49.9949
982 49.9649
983 49.9349
984 49.905
985 49.8751
986 49.8453
987 49.8154
988 49.7856
989 49.7559
990 49.7261
991 49.6964
992 49.6667
993 49.6371
994 49.6075
995 49.5779
996 49.5483
997 49.5188
998 49.4893
999 49.4598
1000 49.4304
1001 49.4009
1002 49.3716
1003 49.3422
1004 49.3129
1005 49.2836
1006 49.2543
1007 49.2251
1008 49.1959
1009 49.1667
1010 49.1375
1011 49.1084
1012 49.0793
1013 49.0502
1014 49.0212
1015 48.9922
1016 48.9632
1017 48.9343
1018 48.9053
1019 48.8765
1020 48.8476
1021 48.8188
1022 48.79
1023 48.7612
1024 48.7324
1025 48.7037
1026 48.675
1027 48.6464
1028 48.6177
1029 48.5891
1030 48.5606
1031 48.532
1032 48.5035
1033 48.475
1034 48.4465
1035 48.4181
1036 48.3897
1037 48.3613
1038 48.333
1039 48.3047
1040 48.2764
1041 48.2481
1042 48.2199
1043 48.1917
1044 48.1635
1045 48.1353
1046 48.1072
1047 48.0791
1048 48.0511
1049 48.023
1050 47.995
1051 47.967
1052 47.9391
1053 47.9112
1054 47.8833
1055 47.8554
1056 47.8276
1057 47.7997
1058 47.772
1059 47.7442
1060 47.7165
1061 47.6888
1062 47.6611
1063 47.6334
1064 47.6058
1065 47.5782
1066 47.5507
1067 47.5231
1068 47.4956
1069 47.4681
1070 47.4407
1071 47.4133
1072 47.3859
1073 47.3585
1074 47.3311
1075 47.3038
1076 47.2765
1077 47.2493
1078 47.222
1079 47.1948
1080 47.1676
1081 47.1405
1082 47.1134
1083 47.0863
1084 47.0592
1085 47.0321
1086 47.0051
1087 46.9781
1088 46.9512
1089 46.9242
1090 46.8973
1091 46.8704
1092 46.8436
1093 46.8167
1094 46.7899
1095 46.7632
1096 46.7364
1097 46.7097
1098 46.683
1099 46.6563
1100 46.6297
1101 46.6031
1102 46.5765
1103 46.5499
1104 46.5234
1105 46.4969
1106 46.4704
1107 46.4439
1108 46.4175
1109 46.3911
1110 46.3647
1111 46.3384
1112 46.312
1113 46.2857
1114 46.2595
1115 46.2332
1116 46.207
1117 46.1808
1118 46.1546
1119 46.1285
1120 46.1024
1121 46.0763
1122 46.0502
1123 46.0242
1124 45.9982
1125 45.9722
1126 45.9462
1127 45.9203
1128 45.8944
1129 45.8685
1130 45.8427
1131 45.8168
1132 45.791
1133 45.7652
1134 45.7395
1135 45.7138
1136 45.6881
1137 45.6624
1138 45.6367
1139 45.6111
1140 45.5855
1141 45.5599
1142 45.5344
1143 45.5089
1144 45.4834
1145 45.4579
1146 45.4325
1147 45.407
1148 45.3817
1149 45.3563
1150 45.3309
1151 45.3056
1152 45.2803
1153 45.2551
1154 45.2298
1155 45.2046
1156 45.1794
1157 45.1542
1158 45.1291
1159 45.104
1160 45.0789
1161 45.0538
1162 45.0288
1163 45.0038
1164 44.9788
1165 44.9538
1166 44.9289
1167 44.904
1168 44.8791
1169 44.8542
1170 44.8294
1171 44.8045
1172 44.7797
1173 44.755
1174 44.7302
1175 44.7055
1176 44.6808
1177 44.6562
1178 44.6315
1179 44.6069
1180 44.5823
1181 44.5577
1182 44.5332
1183 44.5087
1184 44.4842
1185 44.4597
1186 44.4352
1187 44.4108
1188 44.3864
1189 44.3621
1190 44.3377
1191 44.3134
1192 44.2891
1193 44.2648
1194 44.2405
1195 44.2163
1196 44.1921
1197 44.1679
1198 44.1438
1199 44.1196
1200 44.0955
1201 44.0715
1202 44.0474
1203 44.0234
1204 43.9993
1205 43.9754
1206 43.9514
1207 43.9275
1208 43.9035
1209 43.8797
1210 43.8558
1211 43.8319
1212 43.8081
1213 43.7843
1214 43.7605
1215 43.7368
1216 43.7131
1217 43.6894
1218 43.6657
1219 43.642
1220 43.6184
1221 43.5948
1222 43.5712
1223 43.5477
1224 43.5241
1225 43.5006
1226 43.4771
1227 43.4537
1228 43.4302
1229 43.4068
1230 43.3834
1231 43.36
1232 43.3367
1233 43.3134
1234 43.2901
1235 43.2668
1236 43.2435
1237 43.2203
1238 43.1971
1239 43.1739
1240 43.1507
1241 43.1276
1242 43.1045
1243 43.0814
1244 43.0583
1245 43.0353
1246 43.0122
1247 42.9892
1248 42.9663
1249 42.9433
1250 42.9204
1251 42.8975
1252 42.8746
1253 42.8517
1254 42.8289
1255 42.8061
1256 42.7833
1257 42.7605
1258 42.7378
1259 42.715
1260 42.6923
1261 42.6696
1262 42.647
1263 42.6243
1264 42.6017
1265 42.5791
1266 42.5566
1267 42.534
1268 42.5115
1269 42.489
1270 42.4665
1271 42.4441
1272 42.4216
1273 42.3992
1274 42.3768
1275 42.3545
1276 42.3321
1277 42.3098
1278 42.2875
1279 42.2652
1280 42.243
1281 42.2208
1282 42.1985
1283 42.1764
1284 42.1542
1285 42.132
1286 42.1099
1287 42.0878
1288 42.0658
1289 42.0437
1290 42.0217
1291 41.9997
1292 41.9777
1293 41.9557
1294 41.9338
1295 41.9118
1296 41.8899
1297 41.868
1298 41.8462
1299 41.8244
1300 41.8025
1301 41.7808
1302 41.759
1303 41.7372
1304 41.7155
1305 41.6938
1306 41.6721
1307 41.6505
1308 41.6288
1309 41.6072
1310 41.5856
1311 41.564
1312 41.5425
1313 41.5209
1314 41.4994
1315 41.4779
1316 41.4565
1317 41.435
1318 41.4136
1319 41.3922
1320 41.3708
1321 41.3495
1322 41.3281
1323 41.3068
1324 41.2855
1325 41.2642
1326 41.243
1327 41.2218
1328 41.2005
1329 41.1793
1330 41.1582
1331 41.137
1332 41.1159
1333 41.0948
1334 41.0737
1335 41.0527
1336 41.0316
1337 41.0106
1338 40.9896
1339 40.9686
1340 40.9477
1341 40.9267
1342 40.9058
1343 40.8849
1344 40.864
1345 40.8432
1346 40.8223
1347 40.8015
1348 40.7807
1349 40.76
1350 40.7392
1351 40.7185
1352 40.6978
1353 40.6771
1354 40.6564
1355 40.6358
1356 40.6152
1357 40.5946
1358 40.574
1359 40.5534
1360 40.5329
1361 40.5123
1362 40.4918
1363 40.4714
1364 40.4509
1365 40.4305
1366 40.41
1367 40.3896
1368 40.3693
1369 40.3489
1370 40.3286
1371 40.3082
1372 40.2879
1373 40.2677
1374 40.2474
1375 40.2272
1376 40.207
1377 40.1868
1378 40.1666
1379 40.1464
1380 40.1263
1381 40.1062
1382 40.0861
1383 40.066
1384 40.0459
1385 40.0259
1386 40.0059
1387 39.9859
1388 39.9659
1389 39.946
1390 39.926
1391 39.9061
1392 39.8862
1393 39.8663
1394 39.8465
1395 39.8266
1396 39.8068
1397 39.787
1398 39.7673
1399 39.7475
1400 39.7278
1401 39.708
1402 39.6883
1403 39.6687
1404 39.649
1405 39.6294
1406 39.6097
1407 39.5901
1408 39.5706
1409 39.551
1410 39.5315
1411 39.5119
1412 39.4924
1413 39.473
1414 39.4535
1415 39.434
1416 39.4146
1417 39.3952
1418 39.3758
1419 39.3565
1420 39.3371
1421 39.3178
1422 39.2985
1423 39.2792
1424 39.2599
1425 39.2407
1426 39.2214
1427 39.2022
1428 39.183
1429 39.1639
1430 39.1447
1431 39.1256
1432 39.1065
1433 39.0874
1434 39.0683
1435 39.0492
1436 39.0302
1437 39.0112
1438 38.9922
1439 38.9732
1440 38.9542
1441 38.9353
1442 38.9164
1443 38.8974
1444 38.8786
1445 38.8597
1446 38.8408
1447 38.822
1448 38.8032
1449 38.7844
1450 38.7656
1451 38.7469
1452 38.7281
1453 38.7094
1454 38.6907
1455 38.672
1456 38.6534
1457 38.6347
1458 38.6161
1459 38.5975
1460 38.5789
1461 38.5603
1462 38.5418
1463 38.5232
1464 38.5047
1465 38.4862
1466 38.4678
1467 38.4493
1468 38.4309
1469 38.4124
1470 38.394
1471 38.3757
1472 38.3573
1473 38.3389
1474 38.3206
1475 38.3023
1476 38.284
1477 38.2657
1478 38.2475
1479 38.2292
1480 38.211
1481 38.1928
1482 38.1746
1483 38.1565
1484 38.1383
1485 38.1202
1486 38.1021
1487 38.084
1488 38.0659
1489 38.0479
1490 38.0298
1491 38.0118
1492 37.9938
1493 37.9758
1494 37.9578
1495 37.9399
1496 37.922
1497 37.904
1498 37.8861
1499 37.8683
1500 37.8504
1501 37.8326
1502 37.8147
1503 37.7969
1504 37.7792
1505 37.7614
1506 37.7436
1507 37.7259
1508 37.7082
1509 37.6905
1510 37.6728
1511 37.6551
1512 37.6375
1513 37.6199
1514 37.6022
1515 37.5847
1516 37.5671
1517 37.5495
1518 37.532
1519 37.5145
1520 37.497
1521 37.4795
1522 37.462
1523 37.4445
1524 37.4271
1525 37.4097
1526 37.3923
1527 37.3749
1528 37.3575
1529 37.3402
1530 37.3229
1531 37.3055
1532 37.2882
1533 37.271
1534 37.2537
1535 37.2365
1536 37.2192
1537 37.202
1538 37.1848
1539 37.1676
1540 37.1505
1541 37.1333
1542 37.1162
1543 37.0991
1544 37.082
1545 37.0649
1546 37.0479
1547 37.0309
1548 37.0138
1549 36.9968
1550 36.9798
1551 36.9629
1552 36.9459
1553 36.929
1554 36.9121
1555 36.8952
1556 36.8783
1557 36.8614
1558 36.8445
1559 36.8277
1560 36.8109
1561 36.7941
1562 36.7773
1563 36.7605
1564 36.7438
1565 36.727
1566 36.7103
1567 36.6936
1568 36.6769
1569 36.6603
1570 36.6436
1571 36.627
1572 36.6104
1573 36.5938
1574 36.5772
1575 36.5606
1576 36.5441
1577 36.5275
1578 36.511
1579 36.4945
1580 36.478
1581 36.4615
1582 36.4451
1583 36.4286
1584 36.4122
1585 36.3958
1586 36.3794
1587 36.3631
1588 36.3467
1589 36.3304
1590 36.314
1591 36.2977
1592 36.2815
1593 36.2652
1594 36.2489
1595 36.2327
1596 36.2165
1597 36.2002
1598 36.1841
1599 36.1679
1600 36.1517
1601 36.1356
1602 36.1195
1603 36.1033
1604 36.0872
1605 36.0712
1606 36.0551
1607 36.0391
1608 36.023
1609 36.007
1610 35.991
1611 35.975
1612 35.9591
1613 35.9431
1614 35.9272
1615 35.9113
1616 35.8954
1617 35.8795
1618 35.8636
1619 35.8477
1620 35.8319
1621 35.8161
1622 35.8003
1623 35.7845
1624 35.7687
1625 35.7529
1626 35.7372
1627 35.7215
1628 35.7057
1629 35.69
1630 35.6744
1631 35.6587
1632 35.643
1633 35.6274
1634 35.6118
1635 35.5962
1636 35.5806
1637 35.565
1638 35.5495
1639 35.5339
1640 35.5184
1641 35.5029
1642 35.4874
1643 35.4719
1644 35.4565
1645 35.441
1646 35.4256
1647 35.4102
1648 35.3948
1649 35.3794
1650 35.364
1651 35.3486
1652 35.3333
1653 35.318
1654 35.3027
1655 35.2874
1656 35.2721
1657 35.2568
1658 35.2416
1659 35.2263
1660 35.2111
1661 35.1959
1662 35.1807
1663 35.1656
1664 35.1504
1665 35.1353
1666 35.1201
1667 35.105
1668 35.0899
1669 35.0748
1670 35.0598
1671 35.0447
1672 35.0297
1673 35.0147
1674 34.9996
1675 34.9847
1676 34.9697
1677 34.9547
1678 34.9398
1679 34.9248
1680 34.9099
1681 34.895
1682 34.8801
1683 34.8653
1684 34.8504
1685 34.8356
1686 34.8207
1687 34.8059
1688 34.7911
1689 34.7763
1690 34.7616
1691 34.7468
1692 34.7321
1693 34.7173
1694 34.7026
1695 34.6879
1696 34.6733
1697 34.6586
1698 34.6439
1699 34.6293
1700 34.6147
1701 34.6001
1702 34.5855
1703 34.5709
1704 34.5563
1705 34.5418
1706 34.5273
1707 34.5127
1708 34.4982
1709 34.4837
1710 34.4693
1711 34.4548
1712 34.4404
1713 34.4259
1714 34.4115
1715 34.3971
1716 34.3827
1717 34.3683
1718 34.354
1719 34.3396
1720 34.3253
1721 34.311
1722 34.2967
1723 34.2824
1724 34.2681
1725 34.2538
1726 34.2396
1727 34.2254
1728 34.2111
1729 34.1969
1730 34.1828
1731 34.1686
1732 34.1544
1733 34.1403
1734 34.1261
1735 34.112
1736 34.0979
1737 34.0838
1738 34.0697
1739 34.0557
1740 34.0416
1741 34.0276
1742 34.0136
1743 33.9996
1744 33.9856
1745 33.9716
1746 33.9576
1747 33.9437
1748 33.9297
1749 33.9158
1750 33.9019
1751 33.888
1752 33.8741
1753 33.8603
1754 33.8464
1755 33.8326
1756 33.8188
1757 33.8049
1758 33.7911
1759 33.7774
1760 33.7636
1761 33.7498
1762 33.7361
1763 33.7224
1764 33.7086
1765 33.6949
1766 33.6813
1767 33.6676
1768 33.6539
1769 33.6403
1770 33.6266
1771 33.613
1772 33.5994
1773 33.5858
1774 33.5722
1775 33.5587
1776 33.5451
1777 33.5316
1778 33.5181
1779 33.5045
1780 33.4911
1781 33.4776
1782 33.4641
1783 33.4506
1784 33.4372
1785 33.4238
1786 33.4103
1787 33.3969
1788 33.3836
1789 33.3702
1790 33.3568
1791 33.3435
1792 33.3301
1793 33.3168
1794 33.3035
1795 33.2902
1796 33.2769
1797 33.2636
1798 33.2504
1799 33.2371
1800 33.2239
1801 33.2107
1802 33.1975
1803 33.1843
1804 33.1711
1805 33.158
1806 33.1448
1807 33.1317
1808 33.1185
1809 33.1054
1810 33.0923
1811 33.0792
1812 33.0662
1813 33.0531
1814 33.0401
1815 33.027
1816 33.014
1817 33.001
1818 32.988
1819 32.975
1820 32.9621
1821 32.9491
1822 32.9362
1823 32.9232
1824 32.9103
1825 32.8974
1826 32.8845
1827 32.8716
1828 32.8588
1829 32.8459
1830 32.8331
1831 32.8203
1832 32.8074
1833 32.7946
1834 32.7819
1835 32.7691
1836 32.7563
1837 32.7436
1838 32.7308
1839 32.7181
1840 32.7054
1841 32.6927
1842 32.68
1843 32.6673
1844 32.6547
1845 32.642
1846 32.6294
1847 32.6168
1848 32.6042
1849 32.5916
1850 32.579
1851 32.5664
1852 32.5538
1853 32.5413
1854 32.5288
1855 32.5162
1856 32.5037
1857 32.4912
1858 32.4787
1859 32.4663
1860 32.4538
1861 32.4414
1862 32.4289
1863 32.4165
1864 32.4041
1865 32.3917
1866 32.3793
1867 32.3669
1868 32.3546
1869 32.3422
1870 32.3299
1871 32.3176
1872 32.3053
1873 32.293
1874 32.2807
1875 32.2684
1876 32.2561
1877 32.2439
1878 32.2316
1879 32.2194
1880 32.2072
1881 32.195
1882 32.1828
1883 32.1706
1884 32.1585
1885 32.1463
1886 32.1342
1887 32.1221
1888 32.1099
1889 32.0978
1890 32.0857
1891 32.0737
1892 32.0616
1893 32.0495
1894 32.0375
1895 32.0255
1896 32.0134
1897 32.0014
1898 31.9894
1899 31.9775
1900 31.9655
1901 31.9535
1902 31.9416
1903 31.9296
1904 31.9177
1905 31.9058
1906 31.8939
1907 31.882
1908 31.8701
1909 31.8583
1910 31.8464
1911 31.8346
1912 31.8228
1913 31.8109
1914 31.7991
1915 31.7873
1916 31.7756
1917 31.7638
1918 31.752
1919 31.7403
1920 31.7286
1921 31.7168
1922 31.7051
1923 31.6934
1924 31.6817
1925 31.6701
1926 31.6584
1927 31.6467
1928 31.6351
1929 31.6235
1930 31.6119
1931 31.6002
1932 31.5887
1933 31.5771
1934 31.5655
1935 31.5539
1936 31.5424
1937 31.5309
1938 31.5193
1939 31.5078
1940 31.4963
1941 31.4848
1942 31.4733
1943 31.4619
1944 31.4504
1945 31.439
1946 31.4275
1947 31.4161
1948 31.4047
1949 31.3933
1950 31.3819
1951 31.3705
1952 31.3592
1953 31.3478
1954 31.3365
1955 31.3252
1956 31.3138
1957 31.3025
1958 31.2912
1959 31.2799
1960 31.2687
1961 31.2574
1962 31.2462
1963 31.2349
1964 31.2237
1965 31.2125
1966 31.2013
1967 31.1901
1968 31.1789
1969 31.1677
1970 31.1565
1971 31.1454
1972 31.1343
1973 31.1231
1974 31.112
1975 31.1009
1976 31.0898
1977 31.0787
1978 31.0677
1979 31.0566
1980 31.0455
1981 31.0345
1982 31.0235
1983 31.0125
1984 31.0014
1985 30.9904
1986 30.9795
1987 30.9685
1988 30.9575
1989 30.9466
1990 30.9356
1991 30.9247
1992 30.9138
1993 30.9029
1994 30.892
1995 30.8811
1996 30.8702
1997 30.8594
1998 30.8485
1999 30.8377
2000 30.8268
2001 30.816
2002 30.8052
2003 30.7944
2004 30.7836
2005 30.7728
2006 30.7621
2007 30.7513
2008 30.7406
2009 30.7298
2010 30.7191
2011 30.7084
2012 30.6977
2013 30.687
2014 30.6763
2015 30.6656
2016 30.655
2017 30.6443
2018 30.6337
2019 30.6231
2020 30.6124
2021 30.6018
2022 30.5912
2023 30.5806
2024 30.5701
2025 30.5595
2026 30.549
2027 30.5384
2028 30.5279
2029 30.5174
2030 30.5068
2031 30.4963
2032 30.4858
2033 30.4754
2034 30.4649
2035 30.4544
2036 30.444
2037 30.4336
2038 30.4231
2039 30.4127
2040 30.4023
2041 30.3919
2042 30.3815
2043 30.3711
2044 30.3608
2045 30.3504
2046 30.3401
2047 30.3297
2048 30.3194
2049 30.3091
2050 30.2988
2051 30.2885
2052 30.2782
2053 30.2679
2054 30.2577
2055 30.2474
2056 30.2372
2057 30.227
2058 30.2167
2059 30.2065
2060 30.1963
2061 30.1861
2062 30.1759
2063 30.1658
2064 30.1556
2065 30.1455
2066 30.1353
2067 30.1252
2068 30.1151
2069 30.105
2070 30.0949
2071 30.0848
2072 30.0747
2073 30.0646
2074 30.0546
2075 30.0445
2076 30.0345
2077 30.0244
2078 30.0144
2079 30.0044
2080 29.9944
2081 29.9844
2082 29.9744
2083 29.9645
2084 29.9545
2085 29.9446
2086 29.9346
2087 29.9247
2088 29.9148
2089 29.9049
2090 29.895
2091 29.8851
2092 29.8752
2093 29.8653
2094 29.8555
2095 29.8456
2096 29.8358
2097 29.8259
2098 29.8161
2099 29.8063
2100 29.7965
2101 29.7867
2102 29.7769
2103 29.7672
2104 29.7574
2105 29.7477
2106 29.7379
2107 29.7282
2108 29.7185
2109 29.7087
2110 29.699
2111 29.6893
2112 29.6797
2113 29.67
2114 29.6603
2115 29.6507
2116 29.641
2117 29.6314
2118 29.6218
2119 29.6121
2120 29.6025
2121 29.5929
2122 29.5833
2123 29.5738
2124 29.5642
2125 29.5546
2126 29.5451
2127 29.5355
2128 29.526
2129 29.5165
2130 29.507
2131 29.4975
2132 29.488
2133 29.4785
2134 29.469
2135 29.4596
2136 29.4501
2137 29.4407
2138 29.4312
2139 29.4218
2140 29.4124
2141 29.403
2142 29.3936
2143 29.3842
2144 29.3748
2145 29.3654
2146 29.3561
2147 29.3467
2148 29.3374
2149 29.3281
2150 29.3187
2151 29.3094
2152 29.3001
2153 29.2908
2154 29.2815
2155 29.2723
2156 29.263
2157 29.2537
2158 29.2445
2159 29.2352
2160 29.226
2161 29.2168
2162 29.2076
2163 29.1984
2164 29.1892
2165 29.18
2166 29.1708
2167 29.1617
2168 29.1525
2169 29.1433
2170 29.1342
2171 29.1251
2172 29.116
2173 29.1068
2174 29.0977
2175 29.0887
2176 29.0796
2177 29.0705
2178 29.0614
2179 29.0524
2180 29.0433
2181 29.0343
2182 29.0253
2183 29.0162
2184 29.0072
2185 28.9982
2186 28.9892
2187 28.9802
2188 28.9713
2189 28.9623
2190 28.9533
2191 28.9444
2192 28.9355
2193 28.9265
2194 28.9176
2195 28.9087
2196 28.8998
2197 28.8909
2198 28.882
2199 28.8731
2200 28.8643
2201 28.8554
2202 28.8465
2203 28.8377
2204 28.8289
2205 28.82
2206 28.8112
2207 28.8024
2208 28.7936
2209 28.7848
2210 28.7761
2211 28.7673
2212 28.7585
2213 28.7498
2214 28.741
2215 28.7323
2216 28.7236
2217 28.7148
2218 28.7061
2219 28.6974
2220 28.6887
2221 28.68
2222 28.6714
2223 28.6627
2224 28.654
2225 28.6454
2226 28.6368
2227 28.6281
2228 28.6195
2229 28.6109
2230 28.6023
2231 28.5937
2232 28.5851
2233 28.5765
2234 28.5679
2235 28.5594
2236 28.5508
2237 28.5423
2238 28.5337
2239 28.5252
2240 28.5167
2241 28.5082
2242 28.4997
2243 28.4912
2244 28.4827
2245 28.4742
2246 28.4657
2247 28.4573
2248 28.4488
2249 28.4404
2250 28.4319
2251 28.4235
2252 28.4151
2253 28.4067
2254 28.3983
2255 28.3899
2256 28.3815
2257 28.3731
2258 28.3648
2259 28.3564
2260 28.348
2261 28.3397
2262 28.3314
2263 28.323
2264 28.3147
2265 28.3064
2266 28.2981
2267 28.2898
2268 28.2815
2269 28.2732
2270 28.265
2271 28.2567
2272 28.2485
2273 28.2402
2274 28.232
2275 28.2238
2276 28.2155
2277 28.2073
2278 28.1991
2279 28.1909
2280 28.1827
2281 28.1746
2282 28.1664
2283 28.1582
2284 28.1501
2285 28.1419
2286 28.1338
2287 28.1257
2288 28.1175
2289 28.1094
2290 28.1013
2291 28.0932
2292 28.0851
2293 28.077
2294 28.069
2295 28.0609
2296 28.0529
2297 28.0448
2298 28.0368
2299 28.0287
2300 28.0207
2301 28.0127
2302 28.0047
2303 27.9967
2304 27.9887
2305 27.9807
2306 27.9727
2307 27.9648
2308 27.9568
2309 27.9488
2310 27.9409
2311 27.933
2312 27.925
2313 27.9171
2314 27.9092
2315 27.9013
2316 27.8934
2317 27.8855
2318 27.8776
2319 27.8698
2320 27.8619
2321 27.854
2322 27.8462
2323 27.8383
2324 27.8305
2325 27.8227
2326 27.8149
2327 27.807
2328 27.7992
2329 27.7914
2330 27.7837
2331 27.7759
2332 27.7681
2333 27.7603
2334 27.7526
2335 27.7448
2336 27.7371
2337 27.7294
2338 27.7216
2339 27.7139
2340 27.7062
2341 27.6985
2342 27.6908
2343 27.6831
2344 27.6754
2345 27.6678
2346 27.6601
2347 27.6525
2348 27.6448
2349 27.6372
2350 27.6295
2351 27.6219
2352 27.6143
2353 27.6067
2354 27.5991
2355 27.5915
2356 27.5839
2357 27.5763
2358 27.5687
2359 27.5612
2360 27.5536
2361 27.5461
2362 27.5385
2363 27.531
2364 27.5235
2365 27.5159
2366 27.5084
2367 27.5009
2368 27.4934
2369 27.4859
2370 27.4785
2371 27.471
2372 27.4635
2373 27.4561
2374 27.4486
