0.000000 100.000000
1.000000 99.920040
2.000000 99.840160
3.000000 99.760360
4.000000 99.680639
5.000000 99.600998
6.000000 99.521437
7.000000 99.441956
8.000000 99.362553
9.000000 99.283230
10.000000 99.203987
11.000000 99.124822
12.000000 99.045737
13.000000 98.966731
14.000000 98.887804
15.000000 98.808955
16.000000 98.730186
17.000000 98.651495
18.000000 98.572883
19.000000 98.494349
20.000000 98.415894
21.000000 98.337517
22.000000 98.259219
23.000000 98.180999
24.000000 98.102857
25.000000 98.024793
26.000000 97.946808
27.000000 97.868900
28.000000 97.791070
29.000000 97.713318
30.000000 97.635643
31.000000 97.558046
32.000000 97.480527
33.000000 97.403085
34.000000 97.325721
35.000000 97.248434
36.000000 97.171224
37.000000 97.094091
38.000000 97.017036
39.000000 96.940057
40.000000 96.863156
41.000000 96.786331
42.000000 96.709583
43.000000 96.632912
44.000000 96.556317
45.000000 96.479799
46.000000 96.403358
47.000000 96.326992
48.000000 96.250704
49.000000 96.174491
50.000000 96.098355
51.000000 96.022294
52.000000 95.946310
53.000000 95.870402
54.000000 95.794569
55.000000 95.718813
56.000000 95.643132
57.000000 95.567526
58.000000 95.491997
59.000000 95.416542
60.000000 95.341163
61.000000 95.265860
62.000000 95.190632
63.000000 95.115479
64.000000 95.040401
65.000000 94.965398
66.000000 94.890470
67.000000 94.815617
68.000000 94.740839
69.000000 94.666135
70.000000 94.591506
71.000000 94.516952
72.000000 94.442473
73.000000 94.368067
74.000000 94.293736
75.000000 94.219480
76.000000 94.145297
77.000000 94.071189
78.000000 93.997155
79.000000 93.923195
80.000000 93.849309
81.000000 93.775496
82.000000 93.701758
83.000000 93.628093
84.000000 93.554502
85.000000 93.480984
86.000000 93.407540
87.000000 93.334169
88.000000 93.260871
89.000000 93.187647
90.000000 93.114496
91.000000 93.041418
92.000000 92.968413
93.000000 92.895481
94.000000 92.822622
95.000000 92.749836
96.000000 92.677122
97.000000 92.604482
98.000000 92.531913
99.000000 92.459418
100.000000 92.386995
101.000000 92.314644
102.000000 92.242365
103.000000 92.170159
104.000000 92.098025
105.000000 92.025963
106.000000 91.953973
107.000000 91.882055
108.000000 91.810209
109.000000 91.738435
110.000000 91.666732
111.000000 91.595101
112.000000 91.523542
113.000000 91.452054
114.000000 91.380638
115.000000 91.309293
116.000000 91.238019
117.000000 91.166817
118.000000 91.095686
119.000000 91.024625
120.000000 90.953636
121.000000 90.882718
122.000000 90.811871
123.000000 90.741094
124.000000 90.670389
125.000000 90.599754
126.000000 90.529189
127.000000 90.458695
128.000000 90.388272
129.000000 90.317919
130.000000 90.247636
131.000000 90.177423
132.000000 90.107281
133.000000 90.037209
134.000000 89.967207
135.000000 89.897275
136.000000 89.827412
137.000000 89.757620
138.000000 89.687897
139.000000 89.618244
140.000000 89.548660
141.000000 89.479147
142.000000 89.409702
143.000000 89.340327
144.000000 89.271022
145.000000 89.201785
146.000000 89.132618
147.000000 89.063520
148.000000 88.994491
149.000000 88.925531
150.000000 88.856640
151.000000 88.787818
152.000000 88.719064
153.000000 88.650379
154.000000 88.581763
155.000000 88.513216
156.000000 88.444737
157.000000 88.376326
158.000000 88.307984
159.000000 88.239711
160.000000 88.171505
161.000000 88.103368
162.000000 88.035298
163.000000 87.967297
164.000000 87.899364
165.000000 87.831498
166.000000 87.763701
167.000000 87.695971
168.000000 87.628309
169.000000 87.560714
170.000000 87.493187
171.000000 87.425728
172.000000 87.358336
173.000000 87.291011
174.000000 87.223754
175.000000 87.156564
176.000000 87.089441
177.000000 87.022385
178.000000 86.955396
179.000000 86.888474
180.000000 86.821619
181.000000 86.754831
182.000000 86.688109
183.000000 86.621454
184.000000 86.554866
185.000000 86.488345
186.000000 86.421890
187.000000 86.355501
188.000000 86.289179
189.000000 86.222923
190.000000 86.156733
191.000000 86.090609
192.000000 86.024552
193.000000 85.958560
194.000000 85.892634
195.000000 85.826775
196.000000 85.760981
197.000000 85.695253
198.000000 85.629590
199.000000 85.563994
200.000000 85.498462
201.000000 85.432997
202.000000 85.367596
203.000000 85.302262
204.000000 85.236992
205.000000 85.171788
206.000000 85.106648
207.000000 85.041574
208.000000 84.976565
209.000000 84.911621
210.000000 84.846742
211.000000 84.781928
212.000000 84.717178
213.000000 84.652493
214.000000 84.587873
215.000000 84.523318
216.000000 84.458826
217.000000 84.394400
218.000000 84.330038
219.000000 84.265740
220.000000 84.201506
221.000000 84.137337
222.000000 84.073232
223.000000 84.009190
224.000000 83.945213
225.000000 83.881300
226.000000 83.817451
227.000000 83.753665
228.000000 83.689943
229.000000 83.626285
230.000000 83.562691
231.000000 83.499160
232.000000 83.435692
233.000000 83.372288
234.000000 83.308948
235.000000 83.245670
236.000000 83.182456
237.000000 83.119306
238.000000 83.056218
239.000000 82.993193
240.000000 82.930231
241.000000 82.867333
242.000000 82.804497
243.000000 82.741724
244.000000 82.679013
245.000000 82.616366
246.000000 82.553781
247.000000 82.491258
248.000000 82.428798
249.000000 82.366400
250.000000 82.304065
251.000000 82.241792
252.000000 82.179582
253.000000 82.117433
254.000000 82.055347
255.000000 81.993322
256.000000 81.931360
257.000000 81.869460
258.000000 81.807621
259.000000 81.745845
260.000000 81.684130
261.000000 81.622476
262.000000 81.560885
263.000000 81.499354
264.000000 81.437886
265.000000 81.376479
266.000000 81.315133
267.000000 81.253848
268.000000 81.192625
269.000000 81.131463
270.000000 81.070362
271.000000 81.009322
272.000000 80.948344
273.000000 80.887426
274.000000 80.826569
275.000000 80.765773
276.000000 80.705037
277.000000 80.644363
278.000000 80.583749
279.000000 80.523195
280.000000 80.462702
281.000000 80.402270
282.000000 80.341898
283.000000 80.281586
284.000000 80.221334
285.000000 80.161143
286.000000 80.101012
287.000000 80.040941
288.000000 79.980930
289.000000 79.920979
290.000000 79.861088
291.000000 79.801257
292.000000 79.741486
293.000000 79.681774
294.000000 79.622122
295.000000 79.562530
296.000000 79.502997
297.000000 79.443524
298.000000 79.384110
299.000000 79.324756
300.000000 79.265461
301.000000 79.206225
302.000000 79.147048
303.000000 79.087931
304.000000 79.028872
305.000000 78.969873
306.000000 78.910933
307.000000 78.852051
308.000000 78.793228
309.000000 78.734465
310.000000 78.675760
311.000000 78.617113
312.000000 78.558525
313.000000 78.499996
314.000000 78.441525
315.000000 78.383113
316.000000 78.324759
317.000000 78.266463
318.000000 78.208226
319.000000 78.150047
320.000000 78.091926
321.000000 78.033863
322.000000 77.975858
323.000000 77.917911
324.000000 77.860023
325.000000 77.802191
326.000000 77.744418
327.000000 77.686703
328.000000 77.629045
329.000000 77.571444
330.000000 77.513902
331.000000 77.456417
332.000000 77.398989
333.000000 77.341619
334.000000 77.284306
335.000000 77.227050
336.000000 77.169852
337.000000 77.112710
338.000000 77.055626
339.000000 76.998599
340.000000 76.941629
341.000000 76.884716
342.000000 76.827860
343.000000 76.771060
344.000000 76.714317
345.000000 76.657632
346.000000 76.601002
347.000000 76.544430
348.000000 76.487913
349.000000 76.431454
350.000000 76.375050
351.000000 76.318704
352.000000 76.262413
353.000000 76.206179
354.000000 76.150001
355.000000 76.093879
356.000000 76.037813
357.000000 75.981803
358.000000 75.925849
359.000000 75.869951
360.000000 75.814109
361.000000 75.758323
362.000000 75.702593
363.000000 75.646918
364.000000 75.591299
365.000000 75.535735
366.000000 75.480227
367.000000 75.424775
368.000000 75.369378
369.000000 75.314036
370.000000 75.258750
371.000000 75.203519
372.000000 75.148343
373.000000 75.093222
374.000000 75.038156
375.000000 74.983146
376.000000 74.928190
377.000000 74.873289
378.000000 74.818444
379.000000 74.763652
380.000000 74.708916
381.000000 74.654235
382.000000 74.599608
383.000000 74.545035
384.000000 74.490518
385.000000 74.436054
386.000000 74.381646
387.000000 74.327291
388.000000 74.272991
389.000000 74.218745
390.000000 74.164553
391.000000 74.110416
392.000000 74.056333
393.000000 74.002303
394.000000 73.948328
395.000000 73.894407
396.000000 73.840539
397.000000 73.786726
398.000000 73.732966
399.000000 73.679260
400.000000 73.625607
401.000000 73.572008
402.000000 73.518463
403.000000 73.464972
404.000000 73.411533
405.000000 73.358148
406.000000 73.304817
407.000000 73.251539
408.000000 73.198314
409.000000 73.145142
410.000000 73.092024
411.000000 73.038958
412.000000 72.985946
413.000000 72.932986
414.000000 72.880080
415.000000 72.827226
416.000000 72.774425
417.000000 72.721677
418.000000 72.668982
419.000000 72.616339
420.000000 72.563749
421.000000 72.511212
422.000000 72.458727
423.000000 72.406294
424.000000 72.353914
425.000000 72.301587
426.000000 72.249311
427.000000 72.197088
428.000000 72.144917
429.000000 72.092798
430.000000 72.040731
431.000000 71.988717
432.000000 71.936754
433.000000 71.884843
434.000000 71.832984
435.000000 71.781177
436.000000 71.729422
437.000000 71.677718
438.000000 71.626066
439.000000 71.574466
440.000000 71.522917
441.000000 71.471420
442.000000 71.419975
443.000000 71.368580
444.000000 71.317237
445.000000 71.265946
446.000000 71.214706
447.000000 71.163516
448.000000 71.112379
449.000000 71.061292
450.000000 71.010256
451.000000 70.959271
452.000000 70.908337
453.000000 70.857455
454.000000 70.806623
455.000000 70.755841
456.000000 70.705111
457.000000 70.654431
458.000000 70.603802
459.000000 70.553223
460.000000 70.502696
461.000000 70.452218
462.000000 70.401791
463.000000 70.351414
464.000000 70.301088
465.000000 70.250812
466.000000 70.200587
467.000000 70.150411
468.000000 70.100286
469.000000 70.050211
470.000000 70.000185
471.000000 69.950210
472.000000 69.900285
473.000000 69.850410
474.000000 69.800584
475.000000 69.750808
476.000000 69.701083
477.000000 69.651406
478.000000 69.601780
479.000000 69.552203
480.000000 69.502675
481.000000 69.453197
482.000000 69.403769
483.000000 69.354390
484.000000 69.305060
485.000000 69.255780
486.000000 69.206549
487.000000 69.157367
488.000000 69.108234
489.000000 69.059150
490.000000 69.010116
491.000000 68.961130
492.000000 68.912193
493.000000 68.863306
494.000000 68.814467
495.000000 68.765677
496.000000 68.716935
497.000000 68.668243
498.000000 68.619599
499.000000 68.571004
500.000000 68.522457
501.000000 68.473959
502.000000 68.425509
503.000000 68.377108
504.000000 68.328755
505.000000 68.280450
506.000000 68.232194
507.000000 68.183986
508.000000 68.135826
509.000000 68.087714
510.000000 68.039650
511.000000 67.991635
512.000000 67.943667
513.000000 67.895747
514.000000 67.847876
515.000000 67.800052
516.000000 67.752276
517.000000 67.704547
518.000000 67.656866
519.000000 67.609233
520.000000 67.561648
521.000000 67.514110
522.000000 67.466620
523.000000 67.419177
524.000000 67.371781
525.000000 67.324433
526.000000 67.277133
527.000000 67.229879
528.000000 67.182673
529.000000 67.135514
530.000000 67.088402
531.000000 67.041337
532.000000 66.994319
533.000000 66.947348
534.000000 66.900424
535.000000 66.853547
536.000000 66.806717
537.000000 66.759934
538.000000 66.713197
539.000000 66.666508
540.000000 66.619864
541.000000 66.573268
542.000000 66.526718
543.000000 66.480214
544.000000 66.433757
545.000000 66.387347
546.000000 66.340983
547.000000 66.294665
548.000000 66.248393
549.000000 66.202168
550.000000 66.155989
551.000000 66.109856
552.000000 66.063769
553.000000 66.017729
554.000000 65.971734
555.000000 65.925785
556.000000 65.879882
557.000000 65.834025
558.000000 65.788214
559.000000 65.742449
560.000000 65.696729
561.000000 65.651055
562.000000 65.605427
563.000000 65.559845
564.000000 65.514308
565.000000 65.468816
566.000000 65.423370
567.000000 65.377969
568.000000 65.332614
569.000000 65.287304
570.000000 65.242039
571.000000 65.196820
572.000000 65.151646
573.000000 65.106517
574.000000 65.061433
575.000000 65.016394
576.000000 64.971400
577.000000 64.926451
578.000000 64.881547
579.000000 64.836688
580.000000 64.791874
581.000000 64.747104
582.000000 64.702379
583.000000 64.657699
584.000000 64.613064
585.000000 64.568473
586.000000 64.523927
587.000000 64.479425
588.000000 64.434968
589.000000 64.390556
590.000000 64.346187
591.000000 64.301863
592.000000 64.257583
593.000000 64.213348
594.000000 64.169157
595.000000 64.125010
596.000000 64.080907
597.000000 64.036848
598.000000 63.992833
599.000000 63.948862
600.000000 63.904935
601.000000 63.861052
602.000000 63.817213
603.000000 63.773418
604.000000 63.729666
605.000000 63.685959
606.000000 63.642294
607.000000 63.598674
608.000000 63.555097
609.000000 63.511564
610.000000 63.468074
611.000000 63.424628
612.000000 63.381225
613.000000 63.337865
614.000000 63.294549
615.000000 63.251276
616.000000 63.208046
617.000000 63.164860
618.000000 63.121717
619.000000 63.078617
620.000000 63.035559
621.000000 62.992545
622.000000 62.949574
623.000000 62.906646
624.000000 62.863761
625.000000 62.820919
626.000000 62.778119
627.000000 62.735363
628.000000 62.692649
629.000000 62.649977
630.000000 62.607349
631.000000 62.564763
632.000000 62.522219
633.000000 62.479718
634.000000 62.437260
635.000000 62.394844
636.000000 62.352470
637.000000 62.310139
638.000000 62.267850
639.000000 62.225603
640.000000 62.183398
641.000000 62.141236
642.000000 62.099116
643.000000 62.057038
644.000000 62.015002
645.000000 61.973008
646.000000 61.931056
647.000000 61.889146
648.000000 61.847278
649.000000 61.805451
650.000000 61.763667
651.000000 61.721924
652.000000 61.680223
653.000000 61.638563
654.000000 61.596946
655.000000 61.555370
656.000000 61.513835
657.000000 61.472342
658.000000 61.430890
659.000000 61.389480
660.000000 61.348111
661.000000 61.306784
662.000000 61.265498
663.000000 61.224253
664.000000 61.183049
665.000000 61.141887
666.000000 61.100765
667.000000 61.059685
668.000000 61.018646
669.000000 60.977648
670.000000 60.936691
671.000000 60.895775
672.000000 60.854899
673.000000 60.814065
674.000000 60.773271
675.000000 60.732518
676.000000 60.691806
677.000000 60.651135
678.000000 60.610504
679.000000 60.569914
680.000000 60.529364
681.000000 60.488855
682.000000 60.448386
683.000000 60.407958
684.000000 60.367570
685.000000 60.327223
686.000000 60.286916
687.000000 60.246649
688.000000 60.206423
689.000000 60.166236
690.000000 60.126090
691.000000 60.085984
692.000000 60.045918
693.000000 60.005892
694.000000 59.965906
695.000000 59.925960
696.000000 59.886054
697.000000 59.846188
698.000000 59.806362
699.000000 59.766576
700.000000 59.726829
701.000000 59.687122
702.000000 59.647455
703.000000 59.607827
704.000000 59.568239
705.000000 59.528691
706.000000 59.489182
707.000000 59.449712
708.000000 59.410282
709.000000 59.370892
710.000000 59.331540
711.000000 59.292229
712.000000 59.252956
713.000000 59.213723
714.000000 59.174529
715.000000 59.135374
716.000000 59.096258
717.000000 59.057181
718.000000 59.018143
719.000000 58.979145
720.000000 58.940185
721.000000 58.901264
722.000000 58.862383
723.000000 58.823540
724.000000 58.784736
725.000000 58.745970
726.000000 58.707244
727.000000 58.668556
728.000000 58.629906
729.000000 58.591296
730.000000 58.552724
731.000000 58.514190
732.000000 58.475696
733.000000 58.437239
734.000000 58.398821
735.000000 58.360441
736.000000 58.322100
737.000000 58.283797
738.000000 58.245533
739.000000 58.207306
740.000000 58.169118
741.000000 58.130968
742.000000 58.092856
743.000000 58.054782
744.000000 58.016746
745.000000 57.978749
746.000000 57.940789
747.000000 57.902867
748.000000 57.864983
749.000000 57.827137
750.000000 57.789329
751.000000 57.751559
752.000000 57.713826
753.000000 57.676131
754.000000 57.638474
755.000000 57.600854
756.000000 57.563272
757.000000 57.525727
758.000000 57.488220
759.000000 57.450751
760.000000 57.413319
761.000000 57.375924
762.000000 57.338567
763.000000 57.301247
764.000000 57.263965
765.000000 57.226719
766.000000 57.189511
767.000000 57.152340
768.000000 57.115206
769.000000 57.078110
770.000000 57.041050
771.000000 57.004028
772.000000 56.967042
773.000000 56.930094
774.000000 56.893182
775.000000 56.856307
776.000000 56.819469
777.000000 56.782668
778.000000 56.745904
779.000000 56.709176
780.000000 56.672486
781.000000 56.635832
782.000000 56.599214
783.000000 56.562633
784.000000 56.526089
785.000000 56.489581
786.000000 56.453110
787.000000 56.416675
788.000000 56.380276
789.000000 56.343914
790.000000 56.307588
791.000000 56.271299
792.000000 56.235046
793.000000 56.198829
794.000000 56.162648
795.000000 56.126504
796.000000 56.090395
797.000000 56.054323
798.000000 56.018286
799.000000 55.982286
800.000000 55.946322
801.000000 55.910394
802.000000 55.874501
803.000000 55.838645
804.000000 55.802824
805.000000 55.767039
806.000000 55.731290
807.000000 55.695576
808.000000 55.659899
809.000000 55.624257
810.000000 55.588650
811.000000 55.553079
812.000000 55.517544
813.000000 55.482044
814.000000 55.446580
815.000000 55.411151
816.000000 55.375758
817.000000 55.340399
818.000000 55.305077
819.000000 55.269789
820.000000 55.234537
821.000000 55.199320
822.000000 55.164139
823.000000 55.128992
824.000000 55.093881
825.000000 55.058804
826.000000 55.023763
827.000000 54.988757
828.000000 54.953785
829.000000 54.918849
830.000000 54.883948
831.000000 54.849081
832.000000 54.814250
833.000000 54.779453
834.000000 54.744691
835.000000 54.709963
836.000000 54.675271
837.000000 54.640613
838.000000 54.605990
839.000000 54.571401
840.000000 54.536847
841.000000 54.502327
842.000000 54.467842
843.000000 54.433391
844.000000 54.398975
845.000000 54.364594
846.000000 54.330246
847.000000 54.295933
848.000000 54.261654
849.000000 54.227410
850.000000 54.193199
851.000000 54.159023
852.000000 54.124881
853.000000 54.090774
854.000000 54.056700
855.000000 54.022660
856.000000 53.988654
857.000000 53.954683
858.000000 53.920745
859.000000 53.886841
860.000000 53.852971
861.000000 53.819135
862.000000 53.785333
863.000000 53.751565
864.000000 53.717830
865.000000 53.684129
866.000000 53.650462
867.000000 53.616828
868.000000 53.583228
869.000000 53.549662
870.000000 53.516129
871.000000 53.482629
872.000000 53.449164
873.000000 53.415731
874.000000 53.382332
875.000000 53.348966
876.000000 53.315634
877.000000 53.282335
878.000000 53.249069
879.000000 53.215837
880.000000 53.182638
881.000000 53.149472
882.000000 53.116339
883.000000 53.083239
884.000000 53.050172
885.000000 53.017139
886.000000 52.984138
887.000000 52.951170
888.000000 52.918236
889.000000 52.885334
890.000000 52.852465
891.000000 52.819629
892.000000 52.786826
893.000000 52.754055
894.000000 52.721318
895.000000 52.688613
896.000000 52.655941
897.000000 52.623301
898.000000 52.590694
899.000000 52.558120
900.000000 52.525578
901.000000 52.493068
902.000000 52.460592
903.000000 52.428147
904.000000 52.395735
905.000000 52.363356
906.000000 52.331009
907.000000 52.298694
908.000000 52.266411
909.000000 52.234161
910.000000 52.201943
911.000000 52.169757
912.000000 52.137603
913.000000 52.105482
914.000000 52.073392
915.000000 52.041335
916.000000 52.009310
917.000000 51.977316
918.000000 51.945355
919.000000 51.913426
920.000000 51.881528
921.000000 51.849663
922.000000 51.817829
923.000000 51.786027
924.000000 51.754257
925.000000 51.722518
926.000000 51.690812
927.000000 51.659137
928.000000 51.627493
929.000000 51.595882
930.000000 51.564302
931.000000 51.532753
932.000000 51.501236
933.000000 51.469751
934.000000 51.438297
935.000000 51.406874
936.000000 51.375483
937.000000 51.344123
938.000000 51.312795
939.000000 51.281498
940.000000 51.250232
941.000000 51.218997
942.000000 51.187794
943.000000 51.156622
944.000000 51.125480
945.000000 51.094371
946.000000 51.063292
947.000000 51.032244
948.000000 51.001227
949.000000 50.970242
950.000000 50.939287
951.000000 50.908363
952.000000 50.877470
953.000000 50.846608
954.000000 50.815777
955.000000 50.784976
956.000000 50.754207
957.000000 50.723468
958.000000 50.692760
959.000000 50.662083
960.000000 50.631436
961.000000 50.600820
962.000000 50.570234
963.000000 50.539679
964.000000 50.509155
965.000000 50.478661
966.000000 50.448197
967.000000 50.417764
968.000000 50.387362
969.000000 50.356990
970.000000 50.326648
971.000000 50.296336
972.000000 50.266055
973.000000 50.235804
974.000000 50.205584
975.000000 50.175393
976.000000 50.145233
977.000000 50.115103
978.000000 50.085003
979.000000 50.054933
980.000000 50.024893
981.000000 49.994883
982.000000 49.964903
983.000000 49.934953
984.000000 49.905033
985.000000 49.875143
986.000000 49.845283
987.000000 49.815452
988.000000 49.785652
989.000000 49.755881
990.000000 49.726140
991.000000 49.696429
992.000000 49.666747
993.000000 49.637095
994.000000 49.607473
995.000000 49.577880
996.000000 49.548317
997.000000 49.518784
998.000000 49.489280
999.000000 49.459805
1000.000000 49.430360
1001.000000 49.400945
1002.000000 49.371558
1003.000000 49.342201
1004.000000 49.312874
1005.000000 49.283576
1006.000000 49.254307
1007.000000 49.225067
1008.000000 49.195857
1009.000000 49.166675
1010.000000 49.137523
1011.000000 49.108400
1012.000000 49.079306
1013.000000 49.050242
1014.000000 49.021206
1015.000000 48.992199
1016.000000 48.963222
1017.000000 48.934273
1018.000000 48.905353
1019.000000 48.876462
1020.000000 48.847600
1021.000000 48.818767
1022.000000 48.789963
1023.000000 48.761187
1024.000000 48.732440
1025.000000 48.703722
1026.000000 48.675033
1027.000000 48.646372
1028.000000 48.617740
1029.000000 48.589137
1030.000000 48.560562
1031.000000 48.532015
1032.000000 48.503498
1033.000000 48.475008
1034.000000 48.446548
1035.000000 48.418115
1036.000000 48.389711
1037.000000 48.361336
1038.000000 48.332989
1039.000000 48.304670
1040.000000 48.276379
1041.000000 48.248117
1042.000000 48.219883
1043.000000 48.191677
1044.000000 48.163500
1045.000000 48.135350
1046.000000 48.107229
1047.000000 48.079136
1048.000000 48.051071
1049.000000 48.023034
1050.000000 47.995025
1051.000000 47.967044
1052.000000 47.939091
1053.000000 47.911166
1054.000000 47.883268
1055.000000 47.855399
1056.000000 47.827558
1057.000000 47.799744
1058.000000 47.771958
1059.000000 47.744200
1060.000000 47.716470
1061.000000 47.688767
1062.000000 47.661092
1063.000000 47.633445
1064.000000 47.605825
1065.000000 47.578233
1066.000000 47.550669
1067.000000 47.523132
1068.000000 47.495623
1069.000000 47.468141
1070.000000 47.440686
1071.000000 47.413259
1072.000000 47.385860
1073.000000 47.358488
1074.000000 47.331143
1075.000000 47.303825
1076.000000 47.276535
1077.000000 47.249272
1078.000000 47.222037
1079.000000 47.194828
1080.000000 47.167647
1081.000000 47.140493
1082.000000 47.113366
1083.000000 47.086266
1084.000000 47.059193
1085.000000 47.032148
1086.000000 47.005129
1087.000000 46.978138
1088.000000 46.951173
1089.000000 46.924235
1090.000000 46.897324
1091.000000 46.870441
1092.000000 46.843584
1093.000000 46.816753
1094.000000 46.789950
1095.000000 46.763173
1096.000000 46.736424
1097.000000 46.709701
1098.000000 46.683004
1099.000000 46.656335
1100.000000 46.629692
1101.000000 46.603075
1102.000000 46.576485
1103.000000 46.549922
1104.000000 46.523386
1105.000000 46.496875
1106.000000 46.470392
1107.000000 46.443935
1108.000000 46.417504
1109.000000 46.391100
1110.000000 46.364722
1111.000000 46.338370
1112.000000 46.312045
1113.000000 46.285746
1114.000000 46.259474
1115.000000 46.233227
1116.000000 46.207007
1117.000000 46.180813
1118.000000 46.154645
1119.000000 46.128504
1120.000000 46.102388
1121.000000 46.076299
1122.000000 46.050236
1123.000000 46.024199
1124.000000 45.998187
1125.000000 45.972202
1126.000000 45.946243
1127.000000 45.920310
1128.000000 45.894402
1129.000000 45.868521
1130.000000 45.842665
1131.000000 45.816836
1132.000000 45.791032
1133.000000 45.765254
1134.000000 45.739501
1135.000000 45.713775
1136.000000 45.688074
1137.000000 45.662398
1138.000000 45.636749
1139.000000 45.611125
1140.000000 45.585527
1141.000000 45.559954
1142.000000 45.534407
1143.000000 45.508885
1144.000000 45.483389
1145.000000 45.457918
1146.000000 45.432473
1147.000000 45.407053
1148.000000 45.381659
1149.000000 45.356290
1150.000000 45.330946
1151.000000 45.305628
1152.000000 45.280335
1153.000000 45.255067
1154.000000 45.229825
1155.000000 45.204608
1156.000000 45.179416
1157.000000 45.154249
1158.000000 45.129107
1159.000000 45.103991
1160.000000 45.078899
1161.000000 45.053833
1162.000000 45.028792
1163.000000 45.003775
1164.000000 44.978784
1165.000000 44.953818
1166.000000 44.928876
1167.000000 44.903960
1168.000000 44.879069
1169.000000 44.854202
1170.000000 44.829360
1171.000000 44.804543
1172.000000 44.779751
1173.000000 44.754984
1174.000000 44.730241
1175.000000 44.705523
1176.000000 44.680830
1177.000000 44.656162
1178.000000 44.631518
1179.000000 44.606899
1180.000000 44.582304
1181.000000 44.557734
1182.000000 44.533188
1183.000000 44.508668
1184.000000 44.484171
1185.000000 44.459699
1186.000000 44.435252
1187.000000 44.410829
1188.000000 44.386430
1189.000000 44.362056
1190.000000 44.337706
1191.000000 44.313380
1192.000000 44.289079
1193.000000 44.264802
1194.000000 44.240550
1195.000000 44.216321
1196.000000 44.192117
1197.000000 44.167937
1198.000000 44.143781
1199.000000 44.119649
1200.000000 44.095542
1201.000000 44.071458
1202.000000 44.047399
1203.000000 44.023363
1204.000000 43.999352
1205.000000 43.975365
1206.000000 43.951401
1207.000000 43.927462
1208.000000 43.903546
1209.000000 43.879655
1210.000000 43.855787
1211.000000 43.831943
1212.000000 43.808123
1213.000000 43.784327
1214.000000 43.760555
1215.000000 43.736806
1216.000000 43.713081
1217.000000 43.689380
1218.000000 43.665702
1219.000000 43.642048
1220.000000 43.618418
1221.000000 43.594812
1222.000000 43.571229
1223.000000 43.547669
1224.000000 43.524133
1225.000000 43.500621
1226.000000 43.477132
1227.000000 43.453667
1228.000000 43.430225
1229.000000 43.406806
1230.000000 43.383411
1231.000000 43.360039
1232.000000 43.336691
1233.000000 43.313366
1234.000000 43.290064
1235.000000 43.266786
1236.000000 43.243531
1237.000000 43.220299
1238.000000 43.197090
1239.000000 43.173905
1240.000000 43.150742
1241.000000 43.127603
1242.000000 43.104487
1243.000000 43.081394
1244.000000 43.058324
1245.000000 43.035277
1246.000000 43.012254
1247.000000 42.989253
1248.000000 42.966275
1249.000000 42.943320
1250.000000 42.920389
1251.000000 42.897480
1252.000000 42.874594
1253.000000 42.851730
1254.000000 42.828890
1255.000000 42.806073
1256.000000 42.783278
1257.000000 42.760506
1258.000000 42.737757
1259.000000 42.715031
1260.000000 42.692327
1261.000000 42.669646
1262.000000 42.646988
1263.000000 42.624352
1264.000000 42.601739
1265.000000 42.579148
1266.000000 42.556581
1267.000000 42.534035
1268.000000 42.511513
1269.000000 42.489012
1270.000000 42.466535
1271.000000 42.444079
1272.000000 42.421646
1273.000000 42.399236
1274.000000 42.376848
1275.000000 42.354482
1276.000000 42.332139
1277.000000 42.309818
1278.000000 42.287519
1279.000000 42.265243
1280.000000 42.242989
1281.000000 42.220757
1282.000000 42.198547
1283.000000 42.176360
1284.000000 42.154195
1285.000000 42.132051
1286.000000 42.109930
1287.000000 42.087832
1288.000000 42.065755
1289.000000 42.043700
1290.000000 42.021667
1291.000000 41.999657
1292.000000 41.977668
1293.000000 41.955701
1294.000000 41.933757
1295.000000 41.911834
1296.000000 41.889933
1297.000000 41.868054
1298.000000 41.846197
1299.000000 41.824362
1300.000000 41.802548
1301.000000 41.780757
1302.000000 41.758987
1303.000000 41.737239
1304.000000 41.715512
1305.000000 41.693808
1306.000000 41.672125
1307.000000 41.650463
1308.000000 41.628824
1309.000000 41.607206
1310.000000 41.585609
1311.000000 41.564034
1312.000000 41.542481
1313.000000 41.520949
1314.000000 41.499439
1315.000000 41.477951
1316.000000 41.456483
1317.000000 41.435038
1318.000000 41.413613
1319.000000 41.392210
1320.000000 41.370829
1321.000000 41.349469
1322.000000 41.328130
1323.000000 41.306812
1324.000000 41.285516
1325.000000 41.264241
1326.000000 41.242988
1327.000000 41.221755
1328.000000 41.200544
1329.000000 41.179354
1330.000000 41.158186
1331.000000 41.137038
1332.000000 41.115912
1333.000000 41.094806
1334.000000 41.073722
1335.000000 41.052659
1336.000000 41.031617
1337.000000 41.010595
1338.000000 40.989595
1339.000000 40.968616
1340.000000 40.947658
1341.000000 40.926721
1342.000000 40.905805
1343.000000 40.884909
1344.000000 40.864035
1345.000000 40.843181
1346.000000 40.822349
1347.000000 40.801537
1348.000000 40.780745
1349.000000 40.759975
1350.000000 40.739226
1351.000000 40.718497
1352.000000 40.697789
1353.000000 40.677101
1354.000000 40.656434
1355.000000 40.635788
1356.000000 40.615163
1357.000000 40.594558
1358.000000 40.573974
1359.000000 40.553410
1360.000000 40.532867
1361.000000 40.512344
1362.000000 40.491842
1363.000000 40.471361
1364.000000 40.450899
1365.000000 40.430459
1366.000000 40.410038
1367.000000 40.389639
1368.000000 40.369259
1369.000000 40.348900
1370.000000 40.328561
1371.000000 40.308243
1372.000000 40.287945
1373.000000 40.267667
1374.000000 40.247410
1375.000000 40.227172
1376.000000 40.206955
1377.000000 40.186758
1378.000000 40.166582
1379.000000 40.146425
1380.000000 40.126289
1381.000000 40.106173
1382.000000 40.086077
1383.000000 40.066000
1384.000000 40.045945
1385.000000 40.025909
1386.000000 40.005893
1387.000000 39.985897
1388.000000 39.965921
1389.000000 39.945965
1390.000000 39.926029
1391.000000 39.906113
1392.000000 39.886217
1393.000000 39.866340
1394.000000 39.846484
1395.000000 39.826648
1396.000000 39.806831
1397.000000 39.787034
1398.000000 39.767257
1399.000000 39.747499
1400.000000 39.727762
1401.000000 39.708044
1402.000000 39.688346
1403.000000 39.668667
1404.000000 39.649008
1405.000000 39.629369
1406.000000 39.609750
1407.000000 39.590150
1408.000000 39.570569
1409.000000 39.551008
1410.000000 39.531467
1411.000000 39.511946
1412.000000 39.492443
1413.000000 39.472961
1414.000000 39.453497
1415.000000 39.434054
1416.000000 39.414629
1417.000000 39.395224
1418.000000 39.375839
1419.000000 39.356473
1420.000000 39.337126
1421.000000 39.317798
1422.000000 39.298490
1423.000000 39.279201
1424.000000 39.259932
1425.000000 39.240682
1426.000000 39.221451
1427.000000 39.202239
1428.000000 39.183046
1429.000000 39.163873
1430.000000 39.144718
1431.000000 39.125583
1432.000000 39.106467
1433.000000 39.087370
1434.000000 39.068292
1435.000000 39.049234
1436.000000 39.030194
1437.000000 39.011173
1438.000000 38.992172
1439.000000 38.973189
1440.000000 38.954225
1441.000000 38.935280
1442.000000 38.916355
1443.000000 38.897448
1444.000000 38.878560
1445.000000 38.859691
1446.000000 38.840840
1447.000000 38.822009
1448.000000 38.803196
1449.000000 38.784403
1450.000000 38.765628
1451.000000 38.746871
1452.000000 38.728134
1453.000000 38.709415
1454.000000 38.690715
1455.000000 38.672034
1456.000000 38.653371
1457.000000 38.634727
1458.000000 38.616101
1459.000000 38.597495
1460.000000 38.578907
1461.000000 38.560337
1462.000000 38.541786
1463.000000 38.523253
1464.000000 38.504739
1465.000000 38.486244
1466.000000 38.467767
1467.000000 38.449308
1468.000000 38.430868
1469.000000 38.412447
1470.000000 38.394043
1471.000000 38.375658
1472.000000 38.357292
1473.000000 38.338944
1474.000000 38.320614
1475.000000 38.302303
1476.000000 38.284010
1477.000000 38.265735
1478.000000 38.247478
1479.000000 38.229240
1480.000000 38.211020
1481.000000 38.192818
1482.000000 38.174634
1483.000000 38.156468
1484.000000 38.138321
1485.000000 38.120192
1486.000000 38.102081
1487.000000 38.083988
1488.000000 38.065913
1489.000000 38.047856
1490.000000 38.029817
1491.000000 38.011796
1492.000000 37.993793
1493.000000 37.975809
1494.000000 37.957842
1495.000000 37.939893
1496.000000 37.921962
1497.000000 37.904049
1498.000000 37.886154
1499.000000 37.868277
1500.000000 37.850417
1501.000000 37.832576
1502.000000 37.814752
1503.000000 37.796946
1504.000000 37.779158
1505.000000 37.761388
1506.000000 37.743635
1507.000000 37.725901
1508.000000 37.708184
1509.000000 37.690484
1510.000000 37.672803
1511.000000 37.655139
1512.000000 37.637492
1513.000000 37.619864
1514.000000 37.602253
1515.000000 37.584659
1516.000000 37.567083
1517.000000 37.549525
1518.000000 37.531984
1519.000000 37.514461
1520.000000 37.496955
1521.000000 37.479467
1522.000000 37.461996
1523.000000 37.444543
1524.000000 37.427107
1525.000000 37.409689
1526.000000 37.392288
1527.000000 37.374904
1528.000000 37.357538
1529.000000 37.340189
1530.000000 37.322858
1531.000000 37.305544
1532.000000 37.288247
1533.000000 37.270967
1534.000000 37.253705
1535.000000 37.236460
1536.000000 37.219232
1537.000000 37.202021
1538.000000 37.184828
1539.000000 37.167652
1540.000000 37.150493
1541.000000 37.133351
1542.000000 37.116226
1543.000000 37.099118
1544.000000 37.082028
1545.000000 37.064954
1546.000000 37.047898
1547.000000 37.030858
1548.000000 37.013836
1549.000000 36.996831
1550.000000 36.979842
1551.000000 36.962871
1552.000000 36.945917
1553.000000 36.928979
1554.000000 36.912059
1555.000000 36.895155
1556.000000 36.878268
1557.000000 36.861398
1558.000000 36.844545
1559.000000 36.827709
1560.000000 36.810890
1561.000000 36.794088
1562.000000 36.777302
1563.000000 36.760533
1564.000000 36.743781
1565.000000 36.727045
1566.000000 36.710327
1567.000000 36.693625
1568.000000 36.676939
1569.000000 36.660271
1570.000000 36.643619
1571.000000 36.626984
1572.000000 36.610365
1573.000000 36.593763
1574.000000 36.577177
1575.000000 36.560609
1576.000000 36.544056
1577.000000 36.527520
1578.000000 36.511001
1579.000000 36.494498
1580.000000 36.478012
1581.000000 36.461542
1582.000000 36.445089
1583.000000 36.428652
1584.000000 36.412232
1585.000000 36.395828
1586.000000 36.379440
1587.000000 36.363069
1588.000000 36.346714
1589.000000 36.330375
1590.000000 36.314053
1591.000000 36.297747
1592.000000 36.281458
1593.000000 36.265184
1594.000000 36.248927
1595.000000 36.232687
1596.000000 36.216462
1597.000000 36.200254
1598.000000 36.184062
1599.000000 36.167886
1600.000000 36.151726
1601.000000 36.135582
1602.000000 36.119455
1603.000000 36.103343
1604.000000 36.087248
1605.000000 36.071169
1606.000000 36.055106
1607.000000 36.039058
1608.000000 36.023027
1609.000000 36.007012
1610.000000 35.991013
1611.000000 35.975030
1612.000000 35.959063
1613.000000 35.943112
1614.000000 35.927177
1615.000000 35.911258
1616.000000 35.895355
1617.000000 35.879467
1618.000000 35.863596
1619.000000 35.847740
1620.000000 35.831900
1621.000000 35.816076
1622.000000 35.800268
1623.000000 35.784476
1624.000000 35.768699
1625.000000 35.752938
1626.000000 35.737193
1627.000000 35.721464
1628.000000 35.705750
1629.000000 35.690052
1630.000000 35.674370
1631.000000 35.658704
1632.000000 35.643053
1633.000000 35.627418
1634.000000 35.611798
1635.000000 35.596194
1636.000000 35.580606
1637.000000 35.565033
1638.000000 35.549475
1639.000000 35.533934
1640.000000 35.518408
1641.000000 35.502897
1642.000000 35.487402
1643.000000 35.471922
1644.000000 35.456458
1645.000000 35.441009
1646.000000 35.425576
1647.000000 35.410158
1648.000000 35.394756
1649.000000 35.379369
1650.000000 35.363997
1651.000000 35.348641
1652.000000 35.333300
1653.000000 35.317974
1654.000000 35.302664
1655.000000 35.287369
1656.000000 35.272089
1657.000000 35.256824
1658.000000 35.241575
1659.000000 35.226341
1660.000000 35.211123
1661.000000 35.195919
1662.000000 35.180731
1663.000000 35.165558
1664.000000 35.150400
1665.000000 35.135257
1666.000000 35.120129
1667.000000 35.105017
1668.000000 35.089919
1669.000000 35.074837
1670.000000 35.059769
1671.000000 35.044717
1672.000000 35.029680
1673.000000 35.014658
1674.000000 34.999651
1675.000000 34.984659
1676.000000 34.969681
1677.000000 34.954719
1678.000000 34.939772
1679.000000 34.924840
1680.000000 34.909922
1681.000000 34.895020
1682.000000 34.880132
1683.000000 34.865260
1684.000000 34.850402
1685.000000 34.835559
1686.000000 34.820731
1687.000000 34.805917
1688.000000 34.791119
1689.000000 34.776335
1690.000000 34.761566
1691.000000 34.746812
1692.000000 34.732072
1693.000000 34.717348
1694.000000 34.702638
1695.000000 34.687942
1696.000000 34.673262
1697.000000 34.658596
1698.000000 34.643945
1699.000000 34.629308
1700.000000 34.614686
1701.000000 34.600079
1702.000000 34.585486
1703.000000 34.570908
1704.000000 34.556344
1705.000000 34.541795
1706.000000 34.527261
1707.000000 34.512741
1708.000000 34.498235
1709.000000 34.483744
1710.000000 34.469268
1711.000000 34.454806
1712.000000 34.440358
1713.000000 34.425925
1714.000000 34.411506
1715.000000 34.397102
1716.000000 34.382712
1717.000000 34.368336
1718.000000 34.353975
1719.000000 34.339628
1720.000000 34.325296
1721.000000 34.310978
1722.000000 34.296674
1723.000000 34.282384
1724.000000 34.268109
1725.000000 34.253848
1726.000000 34.239602
1727.000000 34.225369
1728.000000 34.211151
1729.000000 34.196947
1730.000000 34.182757
1731.000000 34.168581
1732.000000 34.154420
1733.000000 34.140272
1734.000000 34.126139
1735.000000 34.112020
1736.000000 34.097915
1737.000000 34.083824
1738.000000 34.069747
1739.000000 34.055685
1740.000000 34.041636
1741.000000 34.027602
1742.000000 34.013581
1743.000000 33.999574
1744.000000 33.985582
1745.000000 33.971603
1746.000000 33.957639
1747.000000 33.943688
1748.000000 33.929751
1749.000000 33.915828
1750.000000 33.901920
1751.000000 33.888025
1752.000000 33.874143
1753.000000 33.860276
1754.000000 33.846423
1755.000000 33.832583
1756.000000 33.818758
1757.000000 33.804946
1758.000000 33.791148
1759.000000 33.777364
1760.000000 33.763593
1761.000000 33.749836
1762.000000 33.736093
1763.000000 33.722364
1764.000000 33.708649
1765.000000 33.694947
1766.000000 33.681259
1767.000000 33.667584
1768.000000 33.653924
1769.000000 33.640277
1770.000000 33.626643
1771.000000 33.613023
1772.000000 33.599417
1773.000000 33.585824
1774.000000 33.572245
1775.000000 33.558680
1776.000000 33.545128
1777.000000 33.531590
1778.000000 33.518065
1779.000000 33.504554
1780.000000 33.491056
1781.000000 33.477571
1782.000000 33.464101
1783.000000 33.450643
1784.000000 33.437199
1785.000000 33.423769
1786.000000 33.410352
1787.000000 33.396948
1788.000000 33.383558
1789.000000 33.370181
1790.000000 33.356818
1791.000000 33.343467
1792.000000 33.330131
1793.000000 33.316807
1794.000000 33.303497
1795.000000 33.290200
1796.000000 33.276917
1797.000000 33.263646
1798.000000 33.250389
1799.000000 33.237146
1800.000000 33.223915
1801.000000 33.210698
1802.000000 33.197494
1803.000000 33.184303
1804.000000 33.171125
1805.000000 33.157960
1806.000000 33.144809
1807.000000 33.131671
1808.000000 33.118546
1809.000000 33.105434
1810.000000 33.092335
1811.000000 33.079249
1812.000000 33.066176
1813.000000 33.053117
1814.000000 33.040070
1815.000000 33.027037
1816.000000 33.014016
1817.000000 33.001009
1818.000000 32.988014
1819.000000 32.975033
1820.000000 32.962064
1821.000000 32.949108
1822.000000 32.936166
1823.000000 32.923236
1824.000000 32.910319
1825.000000 32.897415
1826.000000 32.884524
1827.000000 32.871646
1828.000000 32.858781
1829.000000 32.845929
1830.000000 32.833089
1831.000000 32.820263
1832.000000 32.807449
1833.000000 32.794648
1834.000000 32.781860
1835.000000 32.769084
1836.000000 32.756321
1837.000000 32.743571
1838.000000 32.730834
1839.000000 32.718110
1840.000000 32.705398
1841.000000 32.692699
1842.000000 32.680013
1843.000000 32.667339
1844.000000 32.654678
1845.000000 32.642030
1846.000000 32.629394
1847.000000 32.616771
1848.000000 32.604160
1849.000000 32.591562
1850.000000 32.578977
1851.000000 32.566404
1852.000000 32.553844
1853.000000 32.541297
1854.000000 32.528762
1855.000000 32.516239
1856.000000 32.503729
1857.000000 32.491232
1858.000000 32.478747
1859.000000 32.466274
1860.000000 32.453814
1861.000000 32.441367
1862.000000 32.428932
1863.000000 32.416509
1864.000000 32.404099
1865.000000 32.391701
1866.000000 32.379315
1867.000000 32.366942
1868.000000 32.354581
1869.000000 32.342233
1870.000000 32.329897
1871.000000 32.317573
1872.000000 32.305262
1873.000000 32.292963
1874.000000 32.280676
1875.000000 32.268401
1876.000000 32.256139
1877.000000 32.243889
1878.000000 32.231651
1879.000000 32.219426
1880.000000 32.207212
1881.000000 32.195011
1882.000000 32.182822
1883.000000 32.170646
1884.000000 32.158481
1885.000000 32.146329
1886.000000 32.134188
1887.000000 32.122060
1888.000000 32.109944
1889.000000 32.097840
1890.000000 32.085749
1891.000000 32.073669
1892.000000 32.061601
1893.000000 32.049546
1894.000000 32.037502
1895.000000 32.025471
1896.000000 32.013451
1897.000000 32.001444
1898.000000 31.989448
1899.000000 31.977465
1900.000000 31.965493
1901.000000 31.953534
1902.000000 31.941586
1903.000000 31.929651
1904.000000 31.917727
1905.000000 31.905815
1906.000000 31.893915
1907.000000 31.882027
1908.000000 31.870151
1909.000000 31.858287
1910.000000 31.846435
1911.000000 31.834594
1912.000000 31.822766
1913.000000 31.810949
1914.000000 31.799144
1915.000000 31.787350
1916.000000 31.775569
1917.000000 31.763799
1918.000000 31.752041
1919.000000 31.740295
1920.000000 31.728561
1921.000000 31.716838
1922.000000 31.705127
1923.000000 31.693428
1924.000000 31.681740
1925.000000 31.670064
1926.000000 31.658400
1927.000000 31.646747
1928.000000 31.635107
1929.000000 31.623477
1930.000000 31.611860
1931.000000 31.600254
1932.000000 31.588659
1933.000000 31.577076
1934.000000 31.565505
1935.000000 31.553945
1936.000000 31.542397
1937.000000 31.530860
1938.000000 31.519335
1939.000000 31.507822
1940.000000 31.496320
1941.000000 31.484829
1942.000000 31.473350
1943.000000 31.461882
1944.000000 31.450426
1945.000000 31.438982
1946.000000 31.427548
1947.000000 31.416126
1948.000000 31.404716
1949.000000 31.393317
1950.000000 31.381929
1951.000000 31.370553
1952.000000 31.359188
1953.000000 31.347835
1954.000000 31.336493
1955.000000 31.325162
1956.000000 31.313842
1957.000000 31.302534
1958.000000 31.291237
1959.000000 31.279952
1960.000000 31.268677
1961.000000 31.257414
1962.000000 31.246163
1963.000000 31.234922
1964.000000 31.223693
1965.000000 31.212475
1966.000000 31.201268
1967.000000 31.190072
1968.000000 31.178888
1969.000000 31.167714
1970.000000 31.156552
1971.000000 31.145401
1972.000000 31.134261
1973.000000 31.123133
1974.000000 31.112015
1975.000000 31.100909
1976.000000 31.089813
1977.000000 31.078729
1978.000000 31.067656
1979.000000 31.056594
1980.000000 31.045543
1981.000000 31.034503
1982.000000 31.023474
1983.000000 31.012456
1984.000000 31.001449
1985.000000 30.990453
1986.000000 30.979468
1987.000000 30.968494
1988.000000 30.957531
1989.000000 30.946579
1990.000000 30.935638
1991.000000 30.924707
1992.000000 30.913788
1993.000000 30.902880
1994.000000 30.891982
1995.000000 30.881096
1996.000000 30.870220
1997.000000 30.859356
1998.000000 30.848502
1999.000000 30.837659
2000.000000 30.826826
2001.000000 30.816005
2002.000000 30.805194
2003.000000 30.794394
2004.000000 30.783605
2005.000000 30.772827
2006.000000 30.762060
2007.000000 30.751303
2008.000000 30.740557
2009.000000 30.729822
2010.000000 30.719098
2011.000000 30.708384
2012.000000 30.697681
2013.000000 30.686988
2014.000000 30.676307
2015.000000 30.665636
2016.000000 30.654976
2017.000000 30.644326
2018.000000 30.633687
2019.000000 30.623059
2020.000000 30.612441
2021.000000 30.601834
2022.000000 30.591237
2023.000000 30.580651
2024.000000 30.570076
2025.000000 30.559511
2026.000000 30.548957
2027.000000 30.538413
2028.000000 30.527880
2029.000000 30.517357
2030.000000 30.506845
2031.000000 30.496344
2032.000000 30.485853
2033.000000 30.475372
2034.000000 30.464902
2035.000000 30.454442
2036.000000 30.443993
2037.000000 30.433554
2038.000000 30.423126
2039.000000 30.412708
2040.000000 30.402300
2041.000000 30.391903
2042.000000 30.381517
2043.000000 30.371140
2044.000000 30.360774
2045.000000 30.350419
2046.000000 30.340073
2047.000000 30.329739
2048.000000 30.319414
2049.000000 30.309100
2050.000000 30.298796
2051.000000 30.288502
2052.000000 30.278219
2053.000000 30.267946
2054.000000 30.257683
2055.000000 30.247430
2056.000000 30.237188
2057.000000 30.226956
2058.000000 30.216734
2059.000000 30.206523
2060.000000 30.196321
2061.000000 30.186130
2062.000000 30.175949
2063.000000 30.165778
2064.000000 30.155617
2065.000000 30.145467
2066.000000 30.135326
2067.000000 30.125196
2068.000000 30.115076
2069.000000 30.104966
2070.000000 30.094866
2071.000000 30.084776
2072.000000 30.074696
2073.000000 30.064627
2074.000000 30.054567
2075.000000 30.044518
2076.000000 30.034478
2077.000000 30.024449
2078.000000 30.014429
2079.000000 30.004420
2080.000000 29.994420
2081.000000 29.984431
2082.000000 29.974452
2083.000000 29.964482
2084.000000 29.954523
2085.000000 29.944573
2086.000000 29.934633
2087.000000 29.924704
2088.000000 29.914784
2089.000000 29.904874
2090.000000 29.894974
2091.000000 29.885084
2092.000000 29.875204
2093.000000 29.865334
2094.000000 29.855473
2095.000000 29.845623
2096.000000 29.835782
2097.000000 29.825951
2098.000000 29.816130
2099.000000 29.806319
2100.000000 29.796518
2101.000000 29.786726
2102.000000 29.776944
2103.000000 29.767172
2104.000000 29.757410
2105.000000 29.747657
2106.000000 29.737915
2107.000000 29.728182
2108.000000 29.718458
2109.000000 29.708745
2110.000000 29.699041
2111.000000 29.689347
2112.000000 29.679662
2113.000000 29.669987
2114.000000 29.660322
2115.000000 29.650667
2116.000000 29.641021
2117.000000 29.631385
2118.000000 29.621758
2119.000000 29.612141
2120.000000 29.602534
2121.000000 29.592936
2122.000000 29.583348
2123.000000 29.573769
2124.000000 29.564200
2125.000000 29.554641
2126.000000 29.545091
2127.000000 29.535551
2128.000000 29.526020
2129.000000 29.516499
2130.000000 29.506987
2131.000000 29.497485
2132.000000 29.487992
2133.000000 29.478509
2134.000000 29.469035
2135.000000 29.459571
2136.000000 29.450116
2137.000000 29.440670
2138.000000 29.431234
2139.000000 29.421808
2140.000000 29.412391
2141.000000 29.402983
2142.000000 29.393585
2143.000000 29.384196
2144.000000 29.374816
2145.000000 29.365446
2146.000000 29.356086
2147.000000 29.346734
2148.000000 29.337392
2149.000000 29.328059
2150.000000 29.318736
2151.000000 29.309422
2152.000000 29.300117
2153.000000 29.290822
2154.000000 29.281535
2155.000000 29.272259
2156.000000 29.262991
2157.000000 29.253733
2158.000000 29.244483
2159.000000 29.235244
2160.000000 29.226013
2161.000000 29.216792
2162.000000 29.207579
2163.000000 29.198376
2164.000000 29.189183
2165.000000 29.179998
2166.000000 29.170823
2167.000000 29.161656
2168.000000 29.152499
2169.000000 29.143351
2170.000000 29.134213
2171.000000 29.125083
2172.000000 29.115962
2173.000000 29.106851
2174.000000 29.097749
2175.000000 29.088656
2176.000000 29.079571
2177.000000 29.070496
2178.000000 29.061430
2179.000000 29.052374
2180.000000 29.043326
2181.000000 29.034287
2182.000000 29.025257
2183.000000 29.016236
2184.000000 29.007225
2185.000000 28.998222
2186.000000 28.989228
2187.000000 28.980244
2188.000000 28.971268
2189.000000 28.962301
2190.000000 28.953343
2191.000000 28.944394
2192.000000 28.935454
2193.000000 28.926523
2194.000000 28.917601
2195.000000 28.908688
2196.000000 28.899784
2197.000000 28.890889
2198.000000 28.882002
2199.000000 28.873125
2200.000000 28.864256
2201.000000 28.855396
2202.000000 28.846545
2203.000000 28.837703
2204.000000 28.828870
2205.000000 28.820045
2206.000000 28.811230
2207.000000 28.802423
2208.000000 28.793625
2209.000000 28.784836
2210.000000 28.776055
2211.000000 28.767283
2212.000000 28.758521
2213.000000 28.749766
2214.000000 28.741021
2215.000000 28.732284
2216.000000 28.723556
2217.000000 28.714837
2218.000000 28.706127
2219.000000 28.697425
2220.000000 28.688732
2221.000000 28.680048
2222.000000 28.671372
2223.000000 28.662705
2224.000000 28.654046
2225.000000 28.645397
2226.000000 28.636756
2227.000000 28.628123
2228.000000 28.619499
2229.000000 28.610884
2230.000000 28.602278
2231.000000 28.593680
2232.000000 28.585090
2233.000000 28.576509
2234.000000 28.567937
2235.000000 28.559374
2236.000000 28.550818
2237.000000 28.542272
2238.000000 28.533734
2239.000000 28.525204
2240.000000 28.516684
2241.000000 28.508171
2242.000000 28.499667
2243.000000 28.491172
2244.000000 28.482685
2245.000000 28.474206
2246.000000 28.465736
2247.000000 28.457275
2248.000000 28.448822
2249.000000 28.440377
2250.000000 28.431941
2251.000000 28.423513
2252.000000 28.415094
2253.000000 28.406683
2254.000000 28.398281
2255.000000 28.389887
2256.000000 28.381501
2257.000000 28.373124
2258.000000 28.364755
2259.000000 28.356394
2260.000000 28.348042
2261.000000 28.339698
2262.000000 28.331363
2263.000000 28.323035
2264.000000 28.314716
2265.000000 28.306406
2266.000000 28.298104
2267.000000 28.289810
2268.000000 28.281524
2269.000000 28.273247
2270.000000 28.264978
2271.000000 28.256717
2272.000000 28.248464
2273.000000 28.240220
2274.000000 28.231984
2275.000000 28.223756
2276.000000 28.215536
2277.000000 28.207325
2278.000000 28.199122
2279.000000 28.190926
2280.000000 28.182740
2281.000000 28.174561
2282.000000 28.166391
2283.000000 28.158228
2284.000000 28.150074
2285.000000 28.141928
2286.000000 28.133790
2287.000000 28.125660
2288.000000 28.117539
2289.000000 28.109425
2290.000000 28.101320
2291.000000 28.093223
2292.000000 28.085134
2293.000000 28.077053
2294.000000 28.068979
2295.000000 28.060915
2296.000000 28.052858
2297.000000 28.044809
2298.000000 28.036768
2299.000000 28.028735
2300.000000 28.020711
2301.000000 28.012694
2302.000000 28.004685
2303.000000 27.996685
2304.000000 27.988692
2305.000000 27.980707
2306.000000 27.972730
2307.000000 27.964762
2308.000000 27.956801
2309.000000 27.948848
2310.000000 27.940903
2311.000000 27.932966
2312.000000 27.925037
2313.000000 27.917116
2314.000000 27.909203
2315.000000 27.901298
2316.000000 27.893400
2317.000000 27.885511
2318.000000 27.877629
2319.000000 27.869756
2320.000000 27.861890
2321.000000 27.854032
2322.000000 27.846182
2323.000000 27.838340
2324.000000 27.830505
2325.000000 27.822679
2326.000000 27.814860
2327.000000 27.807049
2328.000000 27.799246
2329.000000 27.791450
2330.000000 27.783663
2331.000000 27.775883
2332.000000 27.768111
2333.000000 27.760347
2334.000000 27.752590
2335.000000 27.744842
2336.000000 27.737101
2337.000000 27.729367
2338.000000 27.721642
2339.000000 27.713924
2340.000000 27.706214
2341.000000 27.698512
2342.000000 27.690817
2343.000000 27.683130
2344.000000 27.675451
2345.000000 27.667779
2346.000000 27.660115
2347.000000 27.652459
2348.000000 27.644810
2349.000000 27.637169
2350.000000 27.629536
2351.000000 27.621910
2352.000000 27.614292
2353.000000 27.606682
2354.000000 27.599079
2355.000000 27.591484
2356.000000 27.583896
2357.000000 27.576316
2358.000000 27.568743
2359.000000 27.561178
2360.000000 27.553621
2361.000000 27.546071
2362.000000 27.538529
2363.000000 27.530994
2364.000000 27.523467
2365.000000 27.515947
2366.000000 27.508435
2367.000000 27.500930
2368.000000 27.493433
2369.000000 27.485943
2370.000000 27.478461
2371.000000 27.470986
2372.000000 27.463519
2373.000000 27.456059
2374.000000 27.448607
