0.000000 100.000000
1.000000 99.920040
2.000000 99.840160
3.000000 99.760360
4.000000 99.680639
5.000000 99.600998
6.000000 99.521437
7.000000 99.441955
8.000000 99.362553
9.000000 99.283230
10.000000 99.203987
11.000000 99.124822
12.000000 99.045737
13.000000 98.966731
14.000000 98.887804
15.000000 98.808955
16.000000 98.730186
17.000000 98.651495
18.000000 98.572883
19.000000 98.494349
20.000000 98.415894
21.000000 98.337517
22.000000 98.259219
23.000000 98.180999
24.000000 98.102857
25.000000 98.024793
26.000000 97.946807
27.000000 97.868899
28.000000 97.791069
29.000000 97.713317
30.000000 97.635643
31.000000 97.558046
32.000000 97.480527
33.000000 97.403085
34.000000 97.325720
35.000000 97.248433
36.000000 97.171223
37.000000 97.094091
38.000000 97.017035
39.000000 96.940057
40.000000 96.863155
41.000000 96.786330
42.000000 96.709582
43.000000 96.632911
44.000000 96.556317
45.000000 96.479799
46.000000 96.403357
47.000000 96.326992
48.000000 96.250703
49.000000 96.174490
50.000000 96.098354
51.000000 96.022294
52.000000 95.946309
53.000000 95.870401
54.000000 95.794569
55.000000 95.718812
56.000000 95.643131
57.000000 95.567526
58.000000 95.491996
59.000000 95.416542
60.000000 95.341163
61.000000 95.265859
62.000000 95.190631
63.000000 95.115478
64.000000 95.040400
65.000000 94.965397
66.000000 94.890469
67.000000 94.815616
68.000000 94.740838
69.000000 94.666134
70.000000 94.591506
71.000000 94.516951
72.000000 94.442472
73.000000 94.368066
74.000000 94.293736
75.000000 94.219479
76.000000 94.145297
77.000000 94.071188
78.000000 93.997154
79.000000 93.923194
80.000000 93.849308
81.000000 93.775495
82.000000 93.701757
83.000000 93.628092
84.000000 93.554500
85.000000 93.480983
86.000000 93.407538
87.000000 93.334168
88.000000 93.260870
89.000000 93.187646
90.000000 93.114495
91.000000 93.041417
92.000000 92.968412
93.000000 92.895480
94.000000 92.822621
95.000000 92.749835
96.000000 92.677121
97.000000 92.604480
98.000000 92.531912
99.000000 92.459417
100.000000 92.386993
101.000000 92.314643
102.000000 92.242364
103.000000 92.170158
104.000000 92.098024
105.000000 92.025962
106.000000 91.953972
107.000000 91.882054
108.000000 91.810208
109.000000 91.738433
110.000000 91.666731
111.000000 91.595100
112.000000 91.523541
113.000000 91.452053
114.000000 91.380636
115.000000 91.309292
116.000000 91.238018
117.000000 91.166815
118.000000 91.095684
119.000000 91.024624
120.000000 90.953635
121.000000 90.882717
122.000000 90.811869
123.000000 90.741093
124.000000 90.670387
125.000000 90.599752
126.000000 90.529188
127.000000 90.458694
128.000000 90.388270
129.000000 90.317917
130.000000 90.247634
131.000000 90.177422
132.000000 90.107280
133.000000 90.037207
134.000000 89.967205
135.000000 89.897273
136.000000 89.827411
137.000000 89.757618
138.000000 89.687895
139.000000 89.618242
140.000000 89.548659
141.000000 89.479145
142.000000 89.409701
143.000000 89.340326
144.000000 89.271020
145.000000 89.201783
146.000000 89.132616
147.000000 89.063518
148.000000 88.994489
149.000000 88.925529
150.000000 88.856638
151.000000 88.787816
152.000000 88.719062
153.000000 88.650378
154.000000 88.581762
155.000000 88.513214
156.000000 88.444735
157.000000 88.376325
158.000000 88.307983
159.000000 88.239709
160.000000 88.171503
161.000000 88.103366
162.000000 88.035296
163.000000 87.967295
164.000000 87.899362
165.000000 87.831496
166.000000 87.763699
167.000000 87.695969
168.000000 87.628307
169.000000 87.560712
170.000000 87.493185
171.000000 87.425726
172.000000 87.358334
173.000000 87.291009
174.000000 87.223752
175.000000 87.156562
176.000000 87.089439
177.000000 87.022383
178.000000 86.955394
179.000000 86.888472
180.000000 86.821617
181.000000 86.754829
182.000000 86.688107
183.000000 86.621452
184.000000 86.554864
185.000000 86.488343
186.000000 86.421888
187.000000 86.355499
188.000000 86.289177
189.000000 86.222921
190.000000 86.156731
191.000000 86.090607
192.000000 86.024549
193.000000 85.958558
194.000000 85.892632
195.000000 85.826773
196.000000 85.760979
197.000000 85.695251
198.000000 85.629588
199.000000 85.563991
200.000000 85.498460
201.000000 85.432995
202.000000 85.367594
203.000000 85.302259
204.000000 85.236990
205.000000 85.171785
206.000000 85.106646
207.000000 85.041572
208.000000 84.976563
209.000000 84.911619
210.000000 84.846740
211.000000 84.781925
212.000000 84.717176
213.000000 84.652491
214.000000 84.587871
215.000000 84.523315
216.000000 84.458824
217.000000 84.394398
218.000000 84.330035
219.000000 84.265737
220.000000 84.201504
221.000000 84.137334
222.000000 84.073229
223.000000 84.009188
224.000000 83.945211
225.000000 83.881298
226.000000 83.817448
227.000000 83.753663
228.000000 83.689941
229.000000 83.626283
230.000000 83.562688
231.000000 83.499157
232.000000 83.435690
233.000000 83.372286
234.000000 83.308945
235.000000 83.245668
236.000000 83.182454
237.000000 83.119303
238.000000 83.056215
239.000000 82.993191
240.000000 82.930229
241.000000 82.867330
242.000000 82.804494
243.000000 82.741721
244.000000 82.679011
245.000000 82.616363
246.000000 82.553778
247.000000 82.491255
248.000000 82.428795
249.000000 82.366398
250.000000 82.304063
251.000000 82.241790
252.000000 82.179579
253.000000 82.117431
254.000000 82.055344
255.000000 81.993320
256.000000 81.931358
257.000000 81.869457
258.000000 81.807619
259.000000 81.745842
260.000000 81.684127
261.000000 81.622474
262.000000 81.560882
263.000000 81.499352
264.000000 81.437883
265.000000 81.376476
266.000000 81.315130
267.000000 81.253846
268.000000 81.192622
269.000000 81.131460
270.000000 81.070360
271.000000 81.009320
272.000000 80.948341
273.000000 80.887423
274.000000 80.826566
275.000000 80.765770
276.000000 80.705034
277.000000 80.644360
278.000000 80.583746
279.000000 80.523192
280.000000 80.462699
281.000000 80.402267
282.000000 80.341895
283.000000 80.281583
284.000000 80.221332
285.000000 80.161140
286.000000 80.101009
287.000000 80.040938
288.000000 79.980927
289.000000 79.920976
290.000000 79.861085
291.000000 79.801254
292.000000 79.741483
293.000000 79.681771
294.000000 79.622119
295.000000 79.562527
296.000000 79.502994
297.000000 79.443521
298.000000 79.384107
299.000000 79.324753
300.000000 79.265458
301.000000 79.206222
302.000000 79.147045
303.000000 79.087928
304.000000 79.028869
305.000000 78.969870
306.000000 78.910930
307.000000 78.852048
308.000000 78.793225
309.000000 78.734462
310.000000 78.675756
311.000000 78.617110
312.000000 78.558522
313.000000 78.499993
314.000000 78.441522
315.000000 78.383110
316.000000 78.324756
317.000000 78.266460
318.000000 78.208223
319.000000 78.150044
320.000000 78.091923
321.000000 78.033860
322.000000 77.975855
323.000000 77.917908
324.000000 77.860019
325.000000 77.802188
326.000000 77.744415
327.000000 77.686699
328.000000 77.629042
329.000000 77.571441
330.000000 77.513899
331.000000 77.456414
332.000000 77.398986
333.000000 77.341616
334.000000 77.284303
335.000000 77.227047
336.000000 77.169848
337.000000 77.112707
338.000000 77.055623
339.000000 76.998596
340.000000 76.941626
341.000000 76.884713
342.000000 76.827856
343.000000 76.771057
344.000000 76.714314
345.000000 76.657628
346.000000 76.600999
347.000000 76.544426
348.000000 76.487910
349.000000 76.431450
350.000000 76.375047
351.000000 76.318700
352.000000 76.262410
353.000000 76.206175
354.000000 76.149997
355.000000 76.093875
356.000000 76.037810
357.000000 75.981800
358.000000 75.925846
359.000000 75.869948
360.000000 75.814106
361.000000 75.758320
362.000000 75.702589
363.000000 75.646915
364.000000 75.591296
365.000000 75.535732
366.000000 75.480224
367.000000 75.424772
368.000000 75.369375
369.000000 75.314033
370.000000 75.258746
371.000000 75.203515
372.000000 75.148339
373.000000 75.093219
374.000000 75.038153
375.000000 74.983142
376.000000 74.928187
377.000000 74.873286
378.000000 74.818440
379.000000 74.763649
380.000000 74.708913
381.000000 74.654231
382.000000 74.599604
383.000000 74.545032
384.000000 74.490514
385.000000 74.436051
386.000000 74.381642
387.000000 74.327288
388.000000 74.272987
389.000000 74.218742
390.000000 74.164550
391.000000 74.110412
392.000000 74.056329
393.000000 74.002300
394.000000 73.948324
395.000000 73.894403
396.000000 73.840536
397.000000 73.786722
398.000000 73.732962
399.000000 73.679256
400.000000 73.625604
401.000000 73.572005
402.000000 73.518460
403.000000 73.464968
404.000000 73.411530
405.000000 73.358145
406.000000 73.304813
407.000000 73.251535
408.000000 73.198310
409.000000 73.145139
410.000000 73.092020
411.000000 73.038955
412.000000 72.985942
413.000000 72.932983
414.000000 72.880076
415.000000 72.827222
416.000000 72.774422
417.000000 72.721674
418.000000 72.668978
419.000000 72.616336
420.000000 72.563746
421.000000 72.511208
422.000000 72.458723
423.000000 72.406291
424.000000 72.353911
425.000000 72.301583
426.000000 72.249307
427.000000 72.197084
428.000000 72.144913
429.000000 72.092794
430.000000 72.040728
431.000000 71.988713
432.000000 71.936750
433.000000 71.884839
434.000000 71.832980
435.000000 71.781173
436.000000 71.729418
437.000000 71.677715
438.000000 71.626063
439.000000 71.574462
440.000000 71.522914
441.000000 71.471417
442.000000 71.419971
443.000000 71.368577
444.000000 71.317234
445.000000 71.265942
446.000000 71.214702
447.000000 71.163513
448.000000 71.112375
449.000000 71.061288
450.000000 71.010252
451.000000 70.959267
452.000000 70.908334
453.000000 70.857451
454.000000 70.806619
455.000000 70.755837
456.000000 70.705107
457.000000 70.654427
458.000000 70.603798
459.000000 70.553220
460.000000 70.502692
461.000000 70.452214
462.000000 70.401787
463.000000 70.351411
464.000000 70.301084
465.000000 70.250808
466.000000 70.200583
467.000000 70.150407
468.000000 70.100282
469.000000 70.050207
470.000000 70.000181
471.000000 69.950206
472.000000 69.900281
473.000000 69.850406
474.000000 69.800580
475.000000 69.750805
476.000000 69.701079
477.000000 69.651402
478.000000 69.601776
479.000000 69.552199
480.000000 69.502671
481.000000 69.453193
482.000000 69.403765
483.000000 69.354386
484.000000 69.305056
485.000000 69.255776
486.000000 69.206545
487.000000 69.157363
488.000000 69.108230
489.000000 69.059146
490.000000 69.010112
491.000000 68.961126
492.000000 68.912189
493.000000 68.863302
494.000000 68.814463
495.000000 68.765673
496.000000 68.716931
497.000000 68.668239
498.000000 68.619595
499.000000 68.570999
500.000000 68.522453
501.000000 68.473955
502.000000 68.425505
503.000000 68.377104
504.000000 68.328751
505.000000 68.280446
506.000000 68.232190
507.000000 68.183982
508.000000 68.135822
509.000000 68.087710
510.000000 68.039646
511.000000 67.991631
512.000000 67.943663
513.000000 67.895743
514.000000 67.847872
515.000000 67.800048
516.000000 67.752271
517.000000 67.704543
518.000000 67.656862
519.000000 67.609229
520.000000 67.561644
521.000000 67.514106
522.000000 67.466616
523.000000 67.419173
524.000000 67.371777
525.000000 67.324429
526.000000 67.277128
527.000000 67.229875
528.000000 67.182669
529.000000 67.135510
530.000000 67.088398
531.000000 67.041333
532.000000 66.994315
533.000000 66.947344
534.000000 66.900420
535.000000 66.853543
536.000000 66.806713
537.000000 66.759930
538.000000 66.713193
539.000000 66.666503
540.000000 66.619860
541.000000 66.573264
542.000000 66.526714
543.000000 66.480210
544.000000 66.433753
545.000000 66.387343
546.000000 66.340979
547.000000 66.294661
548.000000 66.248389
549.000000 66.202164
550.000000 66.155985
551.000000 66.109852
552.000000 66.063765
553.000000 66.017724
554.000000 65.971730
555.000000 65.925781
556.000000 65.879878
557.000000 65.834021
558.000000 65.788210
559.000000 65.742445
560.000000 65.696725
561.000000 65.651051
562.000000 65.605423
563.000000 65.559840
564.000000 65.514303
565.000000 65.468812
566.000000 65.423366
567.000000 65.377965
568.000000 65.332610
569.000000 65.287300
570.000000 65.242035
571.000000 65.196816
572.000000 65.151641
573.000000 65.106512
574.000000 65.061428
575.000000 65.016390
576.000000 64.971396
577.000000 64.926447
578.000000 64.881543
579.000000 64.836684
580.000000 64.791869
581.000000 64.747100
582.000000 64.702375
583.000000 64.657695
584.000000 64.613060
585.000000 64.568469
586.000000 64.523923
587.000000 64.479421
588.000000 64.434964
589.000000 64.390551
590.000000 64.346183
591.000000 64.301859
592.000000 64.257579
593.000000 64.213344
594.000000 64.169152
595.000000 64.125005
596.000000 64.080902
597.000000 64.036843
598.000000 63.992829
599.000000 63.948858
600.000000 63.904931
601.000000 63.861048
602.000000 63.817209
603.000000 63.773413
604.000000 63.729662
605.000000 63.685954
606.000000 63.642290
607.000000 63.598670
608.000000 63.555093
609.000000 63.511559
610.000000 63.468070
611.000000 63.424623
612.000000 63.381220
613.000000 63.337861
614.000000 63.294545
615.000000 63.251272
616.000000 63.208042
617.000000 63.164856
618.000000 63.121712
619.000000 63.078612
620.000000 63.035555
621.000000 62.992541
622.000000 62.949570
623.000000 62.906642
624.000000 62.863757
625.000000 62.820914
626.000000 62.778115
627.000000 62.735358
628.000000 62.692644
629.000000 62.649973
630.000000 62.607344
631.000000 62.564758
632.000000 62.522215
633.000000 62.479714
634.000000 62.437255
635.000000 62.394839
636.000000 62.352465
637.000000 62.310134
638.000000 62.267845
639.000000 62.225598
640.000000 62.183394
641.000000 62.141232
642.000000 62.099111
643.000000 62.057033
644.000000 62.014997
645.000000 61.973003
646.000000 61.931051
647.000000 61.889141
648.000000 61.847273
649.000000 61.805447
650.000000 61.763662
651.000000 61.721919
652.000000 61.680218
653.000000 61.638559
654.000000 61.596941
655.000000 61.555365
656.000000 61.513830
657.000000 61.472337
658.000000 61.430886
659.000000 61.389476
660.000000 61.348107
661.000000 61.306779
662.000000 61.265493
663.000000 61.224248
664.000000 61.183045
665.000000 61.141882
666.000000 61.100761
667.000000 61.059681
668.000000 61.018642
669.000000 60.977643
670.000000 60.936686
671.000000 60.895770
672.000000 60.854895
673.000000 60.814060
674.000000 60.773267
675.000000 60.732514
676.000000 60.691801
677.000000 60.651130
678.000000 60.610499
679.000000 60.569909
680.000000 60.529359
681.000000 60.488850
682.000000 60.448382
683.000000 60.407954
684.000000 60.367566
685.000000 60.327218
686.000000 60.286911
687.000000 60.246645
688.000000 60.206418
689.000000 60.166232
690.000000 60.126086
691.000000 60.085979
692.000000 60.045914
693.000000 60.005888
694.000000 59.965902
695.000000 59.925956
696.000000 59.886050
697.000000 59.846184
698.000000 59.806357
699.000000 59.766571
700.000000 59.726824
701.000000 59.687117
702.000000 59.647450
703.000000 59.607822
704.000000 59.568234
705.000000 59.528686
706.000000 59.489177
707.000000 59.449708
708.000000 59.410278
709.000000 59.370887
710.000000 59.331536
711.000000 59.292224
712.000000 59.252951
713.000000 59.213718
714.000000 59.174524
715.000000 59.135369
716.000000 59.096253
717.000000 59.057176
718.000000 59.018139
719.000000 58.979140
720.000000 58.940180
721.000000 58.901260
722.000000 58.862378
723.000000 58.823535
724.000000 58.784731
725.000000 58.745966
726.000000 58.707239
727.000000 58.668551
728.000000 58.629902
729.000000 58.591291
730.000000 58.552719
731.000000 58.514186
732.000000 58.475691
733.000000 58.437234
734.000000 58.398816
735.000000 58.360437
736.000000 58.322095
737.000000 58.283793
738.000000 58.245528
739.000000 58.207301
740.000000 58.169113
741.000000 58.130963
742.000000 58.092851
743.000000 58.054777
744.000000 58.016742
745.000000 57.978744
746.000000 57.940784
747.000000 57.902862
748.000000 57.864978
749.000000 57.827132
750.000000 57.789324
751.000000 57.751554
752.000000 57.713821
753.000000 57.676126
754.000000 57.638469
755.000000 57.600849
756.000000 57.563267
757.000000 57.525723
758.000000 57.488216
759.000000 57.450746
760.000000 57.413314
761.000000 57.375920
762.000000 57.338562
763.000000 57.301242
764.000000 57.263960
765.000000 57.226714
766.000000 57.189506
767.000000 57.152335
768.000000 57.115202
769.000000 57.078105
770.000000 57.041045
771.000000 57.004023
772.000000 56.967037
773.000000 56.930089
774.000000 56.893177
775.000000 56.856302
776.000000 56.819465
777.000000 56.782664
778.000000 56.745899
779.000000 56.709172
780.000000 56.672481
781.000000 56.635827
782.000000 56.599209
783.000000 56.562628
784.000000 56.526084
785.000000 56.489576
786.000000 56.453105
787.000000 56.416670
788.000000 56.380271
789.000000 56.343909
790.000000 56.307584
791.000000 56.271294
792.000000 56.235041
793.000000 56.198824
794.000000 56.162643
795.000000 56.126499
796.000000 56.090390
797.000000 56.054318
798.000000 56.018282
799.000000 55.982281
800.000000 55.946317
801.000000 55.910389
802.000000 55.874496
803.000000 55.838640
804.000000 55.802819
805.000000 55.767034
806.000000 55.731285
807.000000 55.695572
808.000000 55.659894
809.000000 55.624252
810.000000 55.588645
811.000000 55.553074
812.000000 55.517539
813.000000 55.482039
814.000000 55.446575
815.000000 55.411146
816.000000 55.375753
817.000000 55.340395
818.000000 55.305072
819.000000 55.269785
820.000000 55.234532
821.000000 55.199315
822.000000 55.164134
823.000000 55.128987
824.000000 55.093876
825.000000 55.058799
826.000000 55.023758
827.000000 54.988752
828.000000 54.953781
829.000000 54.918844
830.000000 54.883943
831.000000 54.849076
832.000000 54.814245
833.000000 54.779448
834.000000 54.744686
835.000000 54.709959
836.000000 54.675266
837.000000 54.640608
838.000000 54.605985
839.000000 54.571396
840.000000 54.536842
841.000000 54.502322
842.000000 54.467837
843.000000 54.433387
844.000000 54.398970
845.000000 54.364589
846.000000 54.330241
847.000000 54.295928
848.000000 54.261649
849.000000 54.227405
850.000000 54.193195
851.000000 54.159018
852.000000 54.124877
853.000000 54.090769
854.000000 54.056695
855.000000 54.022655
856.000000 53.988650
857.000000 53.954678
858.000000 53.920740
859.000000 53.886836
860.000000 53.852967
861.000000 53.819131
862.000000 53.785328
863.000000 53.751560
864.000000 53.717825
865.000000 53.684124
866.000000 53.650457
867.000000 53.616823
868.000000 53.583223
869.000000 53.549657
870.000000 53.516124
871.000000 53.482625
872.000000 53.449159
873.000000 53.415726
874.000000 53.382327
875.000000 53.348962
876.000000 53.315629
877.000000 53.282330
878.000000 53.249065
879.000000 53.215832
880.000000 53.182633
881.000000 53.149467
882.000000 53.116334
883.000000 53.083234
884.000000 53.050168
885.000000 53.017134
886.000000 52.984133
887.000000 52.951166
888.000000 52.918231
889.000000 52.885329
890.000000 52.852460
891.000000 52.819624
892.000000 52.786821
893.000000 52.754051
894.000000 52.721313
895.000000 52.688608
896.000000 52.655936
897.000000 52.623296
898.000000 52.590689
899.000000 52.558115
900.000000 52.525573
901.000000 52.493063
902.000000 52.460587
903.000000 52.428142
904.000000 52.395730
905.000000 52.363351
906.000000 52.331004
907.000000 52.298689
908.000000 52.266406
909.000000 52.234156
910.000000 52.201938
911.000000 52.169752
912.000000 52.137598
913.000000 52.105477
914.000000 52.073387
915.000000 52.041330
916.000000 52.009305
917.000000 51.977311
918.000000 51.945350
919.000000 51.913421
920.000000 51.881523
921.000000 51.849658
922.000000 51.817824
923.000000 51.786022
924.000000 51.754252
925.000000 51.722514
926.000000 51.690807
927.000000 51.659132
928.000000 51.627489
929.000000 51.595877
930.000000 51.564297
931.000000 51.532748
932.000000 51.501231
933.000000 51.469746
934.000000 51.438292
935.000000 51.406869
936.000000 51.375478
937.000000 51.344118
938.000000 51.312790
939.000000 51.281493
940.000000 51.250227
941.000000 51.218992
942.000000 51.187789
943.000000 51.156617
944.000000 51.125476
945.000000 51.094366
946.000000 51.063287
947.000000 51.032239
948.000000 51.001222
949.000000 50.970237
950.000000 50.939282
951.000000 50.908358
952.000000 50.877465
953.000000 50.846603
954.000000 50.815772
955.000000 50.784972
956.000000 50.754202
957.000000 50.723463
958.000000 50.692755
959.000000 50.662078
960.000000 50.631431
961.000000 50.600815
962.000000 50.570229
963.000000 50.539674
964.000000 50.509150
965.000000 50.478656
966.000000 50.448193
967.000000 50.417760
968.000000 50.387357
969.000000 50.356985
970.000000 50.326643
971.000000 50.296332
972.000000 50.266050
973.000000 50.235799
974.000000 50.205579
975.000000 50.175388
976.000000 50.145228
977.000000 50.115098
978.000000 50.084998
979.000000 50.054928
980.000000 50.024888
981.000000 49.994878
982.000000 49.964898
983.000000 49.934948
984.000000 49.905028
985.000000 49.875138
986.000000 49.845278
987.000000 49.815448
988.000000 49.785647
989.000000 49.755876
990.000000 49.726135
991.000000 49.696424
992.000000 49.666742
993.000000 49.637091
994.000000 49.607468
995.000000 49.577876
996.000000 49.548312
997.000000 49.518779
998.000000 49.489275
999.000000 49.459800
1000.000000 49.430355
1001.000000 49.400940
1002.000000 49.371553
1003.000000 49.342197
1004.000000 49.312869
1005.000000 49.283571
1006.000000 49.254302
1007.000000 49.225062
1008.000000 49.195852
1009.000000 49.166670
1010.000000 49.137518
1011.000000 49.108395
1012.000000 49.079302
1013.000000 49.050237
1014.000000 49.021201
1015.000000 48.992194
1016.000000 48.963217
1017.000000 48.934268
1018.000000 48.905348
1019.000000 48.876457
1020.000000 48.847595
1021.000000 48.818762
1022.000000 48.789958
1023.000000 48.761182
1024.000000 48.732435
1025.000000 48.703717
1026.000000 48.675028
1027.000000 48.646367
1028.000000 48.617735
1029.000000 48.589132
1030.000000 48.560557
1031.000000 48.532011
1032.000000 48.503493
1033.000000 48.475004
1034.000000 48.446543
1035.000000 48.418110
1036.000000 48.389707
1037.000000 48.361331
1038.000000 48.332984
1039.000000 48.304665
1040.000000 48.276375
1041.000000 48.248112
1042.000000 48.219878
1043.000000 48.191673
1044.000000 48.163495
1045.000000 48.135346
1046.000000 48.107224
1047.000000 48.079131
1048.000000 48.051066
1049.000000 48.023029
1050.000000 47.995020
1051.000000 47.967039
1052.000000 47.939086
1053.000000 47.911161
1054.000000 47.883264
1055.000000 47.855394
1056.000000 47.827553
1057.000000 47.799739
1058.000000 47.771953
1059.000000 47.744195
1060.000000 47.716465
1061.000000 47.688762
1062.000000 47.661087
1063.000000 47.633440
1064.000000 47.605820
1065.000000 47.578228
1066.000000 47.550664
1067.000000 47.523127
1068.000000 47.495618
1069.000000 47.468136
1070.000000 47.440681
1071.000000 47.413254
1072.000000 47.385855
1073.000000 47.358483
1074.000000 47.331138
1075.000000 47.303820
1076.000000 47.276530
1077.000000 47.249267
1078.000000 47.222032
1079.000000 47.194823
1080.000000 47.167642
1081.000000 47.140488
1082.000000 47.113361
1083.000000 47.086261
1084.000000 47.059189
1085.000000 47.032143
1086.000000 47.005124
1087.000000 46.978133
1088.000000 46.951168
1089.000000 46.924230
1090.000000 46.897319
1091.000000 46.870436
1092.000000 46.843579
1093.000000 46.816748
1094.000000 46.789945
1095.000000 46.763169
1096.000000 46.736419
1097.000000 46.709696
1098.000000 46.682999
1099.000000 46.656330
1100.000000 46.629687
1101.000000 46.603070
1102.000000 46.576481
1103.000000 46.549917
1104.000000 46.523381
1105.000000 46.496871
1106.000000 46.470387
1107.000000 46.443930
1108.000000 46.417499
1109.000000 46.391095
1110.000000 46.364717
1111.000000 46.338365
1112.000000 46.312040
1113.000000 46.285741
1114.000000 46.259469
1115.000000 46.233222
1116.000000 46.207002
1117.000000 46.180808
1118.000000 46.154641
1119.000000 46.128499
1120.000000 46.102384
1121.000000 46.076294
1122.000000 46.050231
1123.000000 46.024194
1124.000000 45.998183
1125.000000 45.972197
1126.000000 45.946238
1127.000000 45.920305
1128.000000 45.894398
1129.000000 45.868516
1130.000000 45.842661
1131.000000 45.816831
1132.000000 45.791027
1133.000000 45.765249
1134.000000 45.739496
1135.000000 45.713770
1136.000000 45.688069
1137.000000 45.662394
1138.000000 45.636744
1139.000000 45.611120
1140.000000 45.585522
1141.000000 45.559949
1142.000000 45.534402
1143.000000 45.508880
1144.000000 45.483384
1145.000000 45.457913
1146.000000 45.432468
1147.000000 45.407048
1148.000000 45.381654
1149.000000 45.356285
1150.000000 45.330942
1151.000000 45.305623
1152.000000 45.280330
1153.000000 45.255063
1154.000000 45.229820
1155.000000 45.204603
1156.000000 45.179411
1157.000000 45.154244
1158.000000 45.129102
1159.000000 45.103986
1160.000000 45.078894
1161.000000 45.053828
1162.000000 45.028787
1163.000000 45.003771
1164.000000 44.978779
1165.000000 44.953813
1166.000000 44.928872
1167.000000 44.903955
1168.000000 44.879064
1169.000000 44.854197
1170.000000 44.829355
1171.000000 44.804538
1172.000000 44.779746
1173.000000 44.754979
1174.000000 44.730236
1175.000000 44.705518
1176.000000 44.680825
1177.000000 44.656157
1178.000000 44.631513
1179.000000 44.606894
1180.000000 44.582299
1181.000000 44.557729
1182.000000 44.533184
1183.000000 44.508663
1184.000000 44.484166
1185.000000 44.459694
1186.000000 44.435247
1187.000000 44.410824
1188.000000 44.386425
1189.000000 44.362051
1190.000000 44.337701
1191.000000 44.313376
1192.000000 44.289074
1193.000000 44.264797
1194.000000 44.240545
1195.000000 44.216316
1196.000000 44.192112
1197.000000 44.167932
1198.000000 44.143776
1199.000000 44.119645
1200.000000 44.095537
1201.000000 44.071453
1202.000000 44.047394
1203.000000 44.023359
1204.000000 43.999347
1205.000000 43.975360
1206.000000 43.951397
1207.000000 43.927457
1208.000000 43.903542
1209.000000 43.879650
1210.000000 43.855782
1211.000000 43.831938
1212.000000 43.808118
1213.000000 43.784322
1214.000000 43.760550
1215.000000 43.736801
1216.000000 43.713076
1217.000000 43.689375
1218.000000 43.665697
1219.000000 43.642044
1220.000000 43.618413
1221.000000 43.594807
1222.000000 43.571224
1223.000000 43.547664
1224.000000 43.524128
1225.000000 43.500616
1226.000000 43.477127
1227.000000 43.453662
1228.000000 43.430220
1229.000000 43.406801
1230.000000 43.383406
1231.000000 43.360034
1232.000000 43.336686
1233.000000 43.313361
1234.000000 43.290059
1235.000000 43.266781
1236.000000 43.243526
1237.000000 43.220294
1238.000000 43.197085
1239.000000 43.173900
1240.000000 43.150737
1241.000000 43.127598
1242.000000 43.104482
1243.000000 43.081389
1244.000000 43.058319
1245.000000 43.035273
1246.000000 43.012249
1247.000000 42.989248
1248.000000 42.966270
1249.000000 42.943316
1250.000000 42.920384
1251.000000 42.897475
1252.000000 42.874589
1253.000000 42.851726
1254.000000 42.828885
1255.000000 42.806068
1256.000000 42.783273
1257.000000 42.760501
1258.000000 42.737752
1259.000000 42.715026
1260.000000 42.692322
1261.000000 42.669641
1262.000000 42.646983
1263.000000 42.624347
1264.000000 42.601734
1265.000000 42.579144
1266.000000 42.556576
1267.000000 42.534031
1268.000000 42.511508
1269.000000 42.489008
1270.000000 42.466530
1271.000000 42.444074
1272.000000 42.421642
1273.000000 42.399231
1274.000000 42.376843
1275.000000 42.354477
1276.000000 42.332134
1277.000000 42.309813
1278.000000 42.287515
1279.000000 42.265238
1280.000000 42.242984
1281.000000 42.220752
1282.000000 42.198543
1283.000000 42.176355
1284.000000 42.154190
1285.000000 42.132047
1286.000000 42.109926
1287.000000 42.087827
1288.000000 42.065750
1289.000000 42.043695
1290.000000 42.021663
1291.000000 41.999652
1292.000000 41.977663
1293.000000 41.955697
1294.000000 41.933752
1295.000000 41.911829
1296.000000 41.889928
1297.000000 41.868049
1298.000000 41.846192
1299.000000 41.824357
1300.000000 41.802543
1301.000000 41.780752
1302.000000 41.758982
1303.000000 41.737234
1304.000000 41.715507
1305.000000 41.693803
1306.000000 41.672120
1307.000000 41.650459
1308.000000 41.628819
1309.000000 41.607201
1310.000000 41.585605
1311.000000 41.564030
1312.000000 41.542476
1313.000000 41.520945
1314.000000 41.499435
1315.000000 41.477946
1316.000000 41.456479
1317.000000 41.435033
1318.000000 41.413609
1319.000000 41.392206
1320.000000 41.370824
1321.000000 41.349464
1322.000000 41.328125
1323.000000 41.306808
1324.000000 41.285512
1325.000000 41.264237
1326.000000 41.242983
1327.000000 41.221751
1328.000000 41.200540
1329.000000 41.179350
1330.000000 41.158181
1331.000000 41.137033
1332.000000 41.115907
1333.000000 41.094801
1334.000000 41.073717
1335.000000 41.052654
1336.000000 41.031612
1337.000000 41.010591
1338.000000 40.989591
1339.000000 40.968612
1340.000000 40.947653
1341.000000 40.926716
1342.000000 40.905800
1343.000000 40.884905
1344.000000 40.864030
1345.000000 40.843177
1346.000000 40.822344
1347.000000 40.801532
1348.000000 40.780741
1349.000000 40.759970
1350.000000 40.739221
1351.000000 40.718492
1352.000000 40.697784
1353.000000 40.677096
1354.000000 40.656430
1355.000000 40.635784
1356.000000 40.615158
1357.000000 40.594553
1358.000000 40.573969
1359.000000 40.553405
1360.000000 40.532862
1361.000000 40.512340
1362.000000 40.491837
1363.000000 40.471356
1364.000000 40.450895
1365.000000 40.430454
1366.000000 40.410034
1367.000000 40.389634
1368.000000 40.369255
1369.000000 40.348895
1370.000000 40.328557
1371.000000 40.308238
1372.000000 40.287940
1373.000000 40.267662
1374.000000 40.247405
1375.000000 40.227168
1376.000000 40.206951
1377.000000 40.186754
1378.000000 40.166577
1379.000000 40.146421
1380.000000 40.126284
1381.000000 40.106168
1382.000000 40.086072
1383.000000 40.065996
1384.000000 40.045940
1385.000000 40.025904
1386.000000 40.005888
1387.000000 39.985892
1388.000000 39.965916
1389.000000 39.945960
1390.000000 39.926024
1391.000000 39.906108
1392.000000 39.886212
1393.000000 39.866336
1394.000000 39.846479
1395.000000 39.826643
1396.000000 39.806826
1397.000000 39.787029
1398.000000 39.767252
1399.000000 39.747495
1400.000000 39.727757
1401.000000 39.708039
1402.000000 39.688341
1403.000000 39.668663
1404.000000 39.649004
1405.000000 39.629365
1406.000000 39.609745
1407.000000 39.590145
1408.000000 39.570565
1409.000000 39.551004
1410.000000 39.531463
1411.000000 39.511941
1412.000000 39.492439
1413.000000 39.472956
1414.000000 39.453493
1415.000000 39.434049
1416.000000 39.414625
1417.000000 39.395220
1418.000000 39.375834
1419.000000 39.356468
1420.000000 39.337121
1421.000000 39.317794
1422.000000 39.298486
1423.000000 39.279197
1424.000000 39.259927
1425.000000 39.240677
1426.000000 39.221446
1427.000000 39.202234
1428.000000 39.183042
1429.000000 39.163868
1430.000000 39.144714
1431.000000 39.125579
1432.000000 39.106463
1433.000000 39.087366
1434.000000 39.068288
1435.000000 39.049229
1436.000000 39.030189
1437.000000 39.011169
1438.000000 38.992167
1439.000000 38.973184
1440.000000 38.954221
1441.000000 38.935276
1442.000000 38.916350
1443.000000 38.897443
1444.000000 38.878555
1445.000000 38.859686
1446.000000 38.840836
1447.000000 38.822004
1448.000000 38.803192
1449.000000 38.784398
1450.000000 38.765623
1451.000000 38.746867
1452.000000 38.728129
1453.000000 38.709411
1454.000000 38.690710
1455.000000 38.672029
1456.000000 38.653366
1457.000000 38.634722
1458.000000 38.616097
1459.000000 38.597490
1460.000000 38.578902
1461.000000 38.560332
1462.000000 38.541781
1463.000000 38.523249
1464.000000 38.504735
1465.000000 38.486239
1466.000000 38.467762
1467.000000 38.449304
1468.000000 38.430864
1469.000000 38.412442
1470.000000 38.394039
1471.000000 38.375654
1472.000000 38.357288
1473.000000 38.338939
1474.000000 38.320610
1475.000000 38.302298
1476.000000 38.284005
1477.000000 38.265730
1478.000000 38.247474
1479.000000 38.229235
1480.000000 38.211015
1481.000000 38.192813
1482.000000 38.174629
1483.000000 38.156464
1484.000000 38.138317
1485.000000 38.120187
1486.000000 38.102076
1487.000000 38.083983
1488.000000 38.065908
1489.000000 38.047851
1490.000000 38.029812
1491.000000 38.011792
1492.000000 37.993789
1493.000000 37.975804
1494.000000 37.957837
1495.000000 37.939888
1496.000000 37.921957
1497.000000 37.904044
1498.000000 37.886149
1499.000000 37.868272
1500.000000 37.850413
1501.000000 37.832571
1502.000000 37.814748
1503.000000 37.796942
1504.000000 37.779154
1505.000000 37.761384
1506.000000 37.743631
1507.000000 37.725896
1508.000000 37.708179
1509.000000 37.690480
1510.000000 37.672798
1511.000000 37.655134
1512.000000 37.637488
1513.000000 37.619859
1514.000000 37.602248
1515.000000 37.584655
1516.000000 37.567079
1517.000000 37.549521
1518.000000 37.531980
1519.000000 37.514457
1520.000000 37.496951
1521.000000 37.479463
1522.000000 37.461992
1523.000000 37.444539
1524.000000 37.427103
1525.000000 37.409685
1526.000000 37.392284
1527.000000 37.374900
1528.000000 37.357534
1529.000000 37.340185
1530.000000 37.322853
1531.000000 37.305539
1532.000000 37.288242
1533.000000 37.270963
1534.000000 37.253700
1535.000000 37.236455
1536.000000 37.219227
1537.000000 37.202017
1538.000000 37.184823
1539.000000 37.167647
1540.000000 37.150488
1541.000000 37.133346
1542.000000 37.116221
1543.000000 37.099114
1544.000000 37.082023
1545.000000 37.064950
1546.000000 37.047893
1547.000000 37.030854
1548.000000 37.013832
1549.000000 36.996826
1550.000000 36.979838
1551.000000 36.962867
1552.000000 36.945912
1553.000000 36.928975
1554.000000 36.912054
1555.000000 36.895151
1556.000000 36.878264
1557.000000 36.861394
1558.000000 36.844541
1559.000000 36.827705
1560.000000 36.810886
1561.000000 36.794083
1562.000000 36.777298
1563.000000 36.760529
1564.000000 36.743776
1565.000000 36.727041
1566.000000 36.710322
1567.000000 36.693620
1568.000000 36.676935
1569.000000 36.660267
1570.000000 36.643615
1571.000000 36.626979
1572.000000 36.610361
1573.000000 36.593759
1574.000000 36.577173
1575.000000 36.560604
1576.000000 36.544052
1577.000000 36.527516
1578.000000 36.510997
1579.000000 36.494494
1580.000000 36.478008
1581.000000 36.461538
1582.000000 36.445085
1583.000000 36.428648
1584.000000 36.412227
1585.000000 36.395823
1586.000000 36.379436
1587.000000 36.363065
1588.000000 36.346710
1589.000000 36.330371
1590.000000 36.314049
1591.000000 36.297743
1592.000000 36.281453
1593.000000 36.265180
1594.000000 36.248923
1595.000000 36.232682
1596.000000 36.216458
1597.000000 36.200249
1598.000000 36.184057
1599.000000 36.167881
1600.000000 36.151721
1601.000000 36.135578
1602.000000 36.119450
1603.000000 36.103339
1604.000000 36.087244
1605.000000 36.071164
1606.000000 36.055101
1607.000000 36.039054
1608.000000 36.023023
1609.000000 36.007008
1610.000000 35.991009
1611.000000 35.975026
1612.000000 35.959059
1613.000000 35.943108
1614.000000 35.927173
1615.000000 35.911254
1616.000000 35.895350
1617.000000 35.879463
1618.000000 35.863591
1619.000000 35.847736
1620.000000 35.831896
1621.000000 35.816072
1622.000000 35.800264
1623.000000 35.784471
1624.000000 35.768695
1625.000000 35.752934
1626.000000 35.737189
1627.000000 35.721460
1628.000000 35.705746
1629.000000 35.690048
1630.000000 35.674366
1631.000000 35.658699
1632.000000 35.643049
1633.000000 35.627413
1634.000000 35.611794
1635.000000 35.596190
1636.000000 35.580601
1637.000000 35.565028
1638.000000 35.549471
1639.000000 35.533930
1640.000000 35.518403
1641.000000 35.502893
1642.000000 35.487398
1643.000000 35.471918
1644.000000 35.456454
1645.000000 35.441005
1646.000000 35.425572
1647.000000 35.410154
1648.000000 35.394751
1649.000000 35.379364
1650.000000 35.363993
1651.000000 35.348636
1652.000000 35.333295
1653.000000 35.317970
1654.000000 35.302659
1655.000000 35.287364
1656.000000 35.272085
1657.000000 35.256820
1658.000000 35.241571
1659.000000 35.226337
1660.000000 35.211118
1661.000000 35.195915
1662.000000 35.180727
1663.000000 35.165553
1664.000000 35.150395
1665.000000 35.135253
1666.000000 35.120125
1667.000000 35.105012
1668.000000 35.089915
1669.000000 35.074833
1670.000000 35.059765
1671.000000 35.044713
1672.000000 35.029676
1673.000000 35.014654
1674.000000 34.999647
1675.000000 34.984654
1676.000000 34.969677
1677.000000 34.954715
1678.000000 34.939768
1679.000000 34.924835
1680.000000 34.909918
1681.000000 34.895016
1682.000000 34.880128
1683.000000 34.865255
1684.000000 34.850398
1685.000000 34.835555
1686.000000 34.820726
1687.000000 34.805913
1688.000000 34.791115
1689.000000 34.776331
1690.000000 34.761562
1691.000000 34.746808
1692.000000 34.732068
1693.000000 34.717344
1694.000000 34.702634
1695.000000 34.687938
1696.000000 34.673258
1697.000000 34.658592
1698.000000 34.643941
1699.000000 34.629304
1700.000000 34.614682
1701.000000 34.600075
1702.000000 34.585482
1703.000000 34.570904
1704.000000 34.556340
1705.000000 34.541791
1706.000000 34.527256
1707.000000 34.512736
1708.000000 34.498231
1709.000000 34.483740
1710.000000 34.469263
1711.000000 34.454801
1712.000000 34.440354
1713.000000 34.425921
1714.000000 34.411502
1715.000000 34.397098
1716.000000 34.382708
1717.000000 34.368332
1718.000000 34.353971
1719.000000 34.339624
1720.000000 34.325292
1721.000000 34.310974
1722.000000 34.296670
1723.000000 34.282380
1724.000000 34.268105
1725.000000 34.253844
1726.000000 34.239597
1727.000000 34.225365
1728.000000 34.211147
1729.000000 34.196943
1730.000000 34.182753
1731.000000 34.168577
1732.000000 34.154416
1733.000000 34.140268
1734.000000 34.126135
1735.000000 34.112016
1736.000000 34.097911
1737.000000 34.083820
1738.000000 34.069743
1739.000000 34.055681
1740.000000 34.041632
1741.000000 34.027597
1742.000000 34.013577
1743.000000 33.999570
1744.000000 33.985578
1745.000000 33.971599
1746.000000 33.957635
1747.000000 33.943684
1748.000000 33.929747
1749.000000 33.915824
1750.000000 33.901915
1751.000000 33.888021
1752.000000 33.874139
1753.000000 33.860272
1754.000000 33.846419
1755.000000 33.832579
1756.000000 33.818754
1757.000000 33.804942
1758.000000 33.791144
1759.000000 33.777360
1760.000000 33.763589
1761.000000 33.749832
1762.000000 33.736089
1763.000000 33.722360
1764.000000 33.708645
1765.000000 33.694943
1766.000000 33.681255
1767.000000 33.667580
1768.000000 33.653920
1769.000000 33.640273
1770.000000 33.626639
1771.000000 33.613019
1772.000000 33.599413
1773.000000 33.585820
1774.000000 33.572241
1775.000000 33.558676
1776.000000 33.545124
1777.000000 33.531586
1778.000000 33.518061
1779.000000 33.504550
1780.000000 33.491052
1781.000000 33.477567
1782.000000 33.464097
1783.000000 33.450639
1784.000000 33.437195
1785.000000 33.423765
1786.000000 33.410348
1787.000000 33.396944
1788.000000 33.383554
1789.000000 33.370177
1790.000000 33.356814
1791.000000 33.343463
1792.000000 33.330127
1793.000000 33.316803
1794.000000 33.303493
1795.000000 33.290196
1796.000000 33.276913
1797.000000 33.263642
1798.000000 33.250385
1799.000000 33.237142
1800.000000 33.223911
1801.000000 33.210694
1802.000000 33.197490
1803.000000 33.184299
1804.000000 33.171121
1805.000000 33.157957
1806.000000 33.144805
1807.000000 33.131667
1808.000000 33.118542
1809.000000 33.105430
1810.000000 33.092331
1811.000000 33.079245
1812.000000 33.066172
1813.000000 33.053113
1814.000000 33.040066
1815.000000 33.027033
1816.000000 33.014012
1817.000000 33.001005
1818.000000 32.988010
1819.000000 32.975029
1820.000000 32.962060
1821.000000 32.949104
1822.000000 32.936162
1823.000000 32.923232
1824.000000 32.910315
1825.000000 32.897412
1826.000000 32.884521
1827.000000 32.871642
1828.000000 32.858777
1829.000000 32.845925
1830.000000 32.833085
1831.000000 32.820259
1832.000000 32.807445
1833.000000 32.794644
1834.000000 32.781856
1835.000000 32.769080
1836.000000 32.756317
1837.000000 32.743568
1838.000000 32.730830
1839.000000 32.718106
1840.000000 32.705394
1841.000000 32.692695
1842.000000 32.680009
1843.000000 32.667335
1844.000000 32.654674
1845.000000 32.642026
1846.000000 32.629390
1847.000000 32.616767
1848.000000 32.604156
1849.000000 32.591559
1850.000000 32.578973
1851.000000 32.566401
1852.000000 32.553840
1853.000000 32.541293
1854.000000 32.528758
1855.000000 32.516235
1856.000000 32.503725
1857.000000 32.491228
1858.000000 32.478743
1859.000000 32.466270
1860.000000 32.453810
1861.000000 32.441363
1862.000000 32.428928
1863.000000 32.416505
1864.000000 32.404095
1865.000000 32.391697
1866.000000 32.379311
1867.000000 32.366938
1868.000000 32.354577
1869.000000 32.342229
1870.000000 32.329893
1871.000000 32.317569
1872.000000 32.305258
1873.000000 32.292959
1874.000000 32.280672
1875.000000 32.268397
1876.000000 32.256135
1877.000000 32.243885
1878.000000 32.231647
1879.000000 32.219422
1880.000000 32.207208
1881.000000 32.195007
1882.000000 32.182818
1883.000000 32.170642
1884.000000 32.158477
1885.000000 32.146325
1886.000000 32.134185
1887.000000 32.122056
1888.000000 32.109940
1889.000000 32.097836
1890.000000 32.085745
1891.000000 32.073665
1892.000000 32.061597
1893.000000 32.049542
1894.000000 32.037498
1895.000000 32.025467
1896.000000 32.013447
1897.000000 32.001440
1898.000000 31.989444
1899.000000 31.977461
1900.000000 31.965490
1901.000000 31.953530
1902.000000 31.941582
1903.000000 31.929647
1904.000000 31.917723
1905.000000 31.905811
1906.000000 31.893912
1907.000000 31.882024
1908.000000 31.870147
1909.000000 31.858283
1910.000000 31.846431
1911.000000 31.834590
1912.000000 31.822762
1913.000000 31.810945
1914.000000 31.799140
1915.000000 31.787347
1916.000000 31.775565
1917.000000 31.763795
1918.000000 31.752038
1919.000000 31.740291
1920.000000 31.728557
1921.000000 31.716834
1922.000000 31.705123
1923.000000 31.693424
1924.000000 31.681736
1925.000000 31.670061
1926.000000 31.658396
1927.000000 31.646744
1928.000000 31.635103
1929.000000 31.623474
1930.000000 31.611856
1931.000000 31.600250
1932.000000 31.588655
1933.000000 31.577073
1934.000000 31.565501
1935.000000 31.553942
1936.000000 31.542393
1937.000000 31.530857
1938.000000 31.519332
1939.000000 31.507818
1940.000000 31.496316
1941.000000 31.484825
1942.000000 31.473346
1943.000000 31.461879
1944.000000 31.450423
1945.000000 31.438978
1946.000000 31.427545
1947.000000 31.416123
1948.000000 31.404712
1949.000000 31.393313
1950.000000 31.381926
1951.000000 31.370549
1952.000000 31.359185
1953.000000 31.347831
1954.000000 31.336489
1955.000000 31.325158
1956.000000 31.313839
1957.000000 31.302530
1958.000000 31.291234
1959.000000 31.279948
1960.000000 31.268674
1961.000000 31.257411
1962.000000 31.246159
1963.000000 31.234918
1964.000000 31.223689
1965.000000 31.212471
1966.000000 31.201264
1967.000000 31.190068
1968.000000 31.178884
1969.000000 31.167711
1970.000000 31.156548
1971.000000 31.145398
1972.000000 31.134258
1973.000000 31.123129
1974.000000 31.112011
1975.000000 31.100905
1976.000000 31.089810
1977.000000 31.078725
1978.000000 31.067652
1979.000000 31.056590
1980.000000 31.045539
1981.000000 31.034499
1982.000000 31.023470
1983.000000 31.012452
1984.000000 31.001445
1985.000000 30.990449
1986.000000 30.979464
1987.000000 30.968490
1988.000000 30.957527
1989.000000 30.946575
1990.000000 30.935634
1991.000000 30.924704
1992.000000 30.913785
1993.000000 30.902876
1994.000000 30.891979
1995.000000 30.881092
1996.000000 30.870217
1997.000000 30.859352
1998.000000 30.848498
1999.000000 30.837655
2000.000000 30.826823
2001.000000 30.816001
2002.000000 30.805191
2003.000000 30.794391
2004.000000 30.783602
2005.000000 30.772824
2006.000000 30.762056
2007.000000 30.751300
2008.000000 30.740554
2009.000000 30.729818
2010.000000 30.719094
2011.000000 30.708380
2012.000000 30.697677
2013.000000 30.686985
2014.000000 30.676303
2015.000000 30.665632
2016.000000 30.654972
2017.000000 30.644322
2018.000000 30.633683
2019.000000 30.623055
2020.000000 30.612437
2021.000000 30.601830
2022.000000 30.591234
2023.000000 30.580648
2024.000000 30.570072
2025.000000 30.559507
2026.000000 30.548953
2027.000000 30.538410
2028.000000 30.527876
2029.000000 30.517354
2030.000000 30.506842
2031.000000 30.496340
2032.000000 30.485849
2033.000000 30.475368
2034.000000 30.464898
2035.000000 30.454439
2036.000000 30.443989
2037.000000 30.433551
2038.000000 30.423122
2039.000000 30.412704
2040.000000 30.402297
2041.000000 30.391900
2042.000000 30.381513
2043.000000 30.371137
2044.000000 30.360771
2045.000000 30.350415
2046.000000 30.340070
2047.000000 30.329735
2048.000000 30.319410
2049.000000 30.309096
2050.000000 30.298792
2051.000000 30.288499
2052.000000 30.278215
2053.000000 30.267942
2054.000000 30.257679
2055.000000 30.247427
2056.000000 30.237185
2057.000000 30.226952
2058.000000 30.216731
2059.000000 30.206519
2060.000000 30.196318
2061.000000 30.186126
2062.000000 30.175945
2063.000000 30.165774
2064.000000 30.155614
2065.000000 30.145463
2066.000000 30.135323
2067.000000 30.125193
2068.000000 30.115072
2069.000000 30.104962
2070.000000 30.094863
2071.000000 30.084773
2072.000000 30.074693
2073.000000 30.064623
2074.000000 30.054564
2075.000000 30.044514
2076.000000 30.034475
2077.000000 30.024445
2078.000000 30.014426
2079.000000 30.004416
2080.000000 29.994417
2081.000000 29.984428
2082.000000 29.974448
2083.000000 29.964479
2084.000000 29.954519
2085.000000 29.944570
2086.000000 29.934630
2087.000000 29.924700
2088.000000 29.914781
2089.000000 29.904871
2090.000000 29.894971
2091.000000 29.885081
2092.000000 29.875201
2093.000000 29.865330
2094.000000 29.855470
2095.000000 29.845619
2096.000000 29.835779
2097.000000 29.825948
2098.000000 29.816127
2099.000000 29.806316
2100.000000 29.796514
2101.000000 29.786723
2102.000000 29.776941
2103.000000 29.767169
2104.000000 29.757406
2105.000000 29.747654
2106.000000 29.737911
2107.000000 29.728178
2108.000000 29.718455
2109.000000 29.708741
2110.000000 29.699037
2111.000000 29.689343
2112.000000 29.679659
2113.000000 29.669984
2114.000000 29.660319
2115.000000 29.650663
2116.000000 29.641017
2117.000000 29.631381
2118.000000 29.621755
2119.000000 29.612138
2120.000000 29.602530
2121.000000 29.592933
2122.000000 29.583344
2123.000000 29.573766
2124.000000 29.564197
2125.000000 29.554637
2126.000000 29.545088
2127.000000 29.535547
2128.000000 29.526017
2129.000000 29.516495
2130.000000 29.506984
2131.000000 29.497481
2132.000000 29.487989
2133.000000 29.478505
2134.000000 29.469032
2135.000000 29.459567
2136.000000 29.450112
2137.000000 29.440667
2138.000000 29.431231
2139.000000 29.421805
2140.000000 29.412387
2141.000000 29.402980
2142.000000 29.393581
2143.000000 29.384193
2144.000000 29.374813
2145.000000 29.365443
2146.000000 29.356082
2147.000000 29.346731
2148.000000 29.337389
2149.000000 29.328056
2150.000000 29.318733
2151.000000 29.309419
2152.000000 29.300114
2153.000000 29.290818
2154.000000 29.281532
2155.000000 29.272255
2156.000000 29.262988
2157.000000 29.253729
2158.000000 29.244480
2159.000000 29.235240
2160.000000 29.226010
2161.000000 29.216788
2162.000000 29.207576
2163.000000 29.198373
2164.000000 29.189179
2165.000000 29.179995
2166.000000 29.170819
2167.000000 29.161653
2168.000000 29.152496
2169.000000 29.143348
2170.000000 29.134209
2171.000000 29.125080
2172.000000 29.115959
2173.000000 29.106848
2174.000000 29.097745
2175.000000 29.088652
2176.000000 29.079568
2177.000000 29.070493
2178.000000 29.061427
2179.000000 29.052370
2180.000000 29.043322
2181.000000 29.034284
2182.000000 29.025254
2183.000000 29.016233
2184.000000 29.007221
2185.000000 28.998219
2186.000000 28.989225
2187.000000 28.980240
2188.000000 28.971264
2189.000000 28.962298
2190.000000 28.953340
2191.000000 28.944391
2192.000000 28.935451
2193.000000 28.926520
2194.000000 28.917598
2195.000000 28.908685
2196.000000 28.899781
2197.000000 28.890885
2198.000000 28.881999
2199.000000 28.873121
2200.000000 28.864253
2201.000000 28.855393
2202.000000 28.846542
2203.000000 28.837700
2204.000000 28.828866
2205.000000 28.820042
2206.000000 28.811226
2207.000000 28.802420
2208.000000 28.793622
2209.000000 28.784832
2210.000000 28.776052
2211.000000 28.767280
2212.000000 28.758517
2213.000000 28.749763
2214.000000 28.741018
2215.000000 28.732281
2216.000000 28.723553
2217.000000 28.714834
2218.000000 28.706124
2219.000000 28.697422
2220.000000 28.688729
2221.000000 28.680044
2222.000000 28.671369
2223.000000 28.662702
2224.000000 28.654043
2225.000000 28.645393
2226.000000 28.636752
2227.000000 28.628120
2228.000000 28.619496
2229.000000 28.610881
2230.000000 28.602274
2231.000000 28.593676
2232.000000 28.585087
2233.000000 28.576506
2234.000000 28.567934
2235.000000 28.559370
2236.000000 28.550815
2237.000000 28.542269
2238.000000 28.533731
2239.000000 28.525201
2240.000000 28.516680
2241.000000 28.508168
2242.000000 28.499664
2243.000000 28.491169
2244.000000 28.482682
2245.000000 28.474203
2246.000000 28.465733
2247.000000 28.457272
2248.000000 28.448819
2249.000000 28.440374
2250.000000 28.431938
2251.000000 28.423510
2252.000000 28.415091
2253.000000 28.406680
2254.000000 28.398278
2255.000000 28.389883
2256.000000 28.381498
2257.000000 28.373121
2258.000000 28.364752
2259.000000 28.356391
2260.000000 28.348039
2261.000000 28.339695
2262.000000 28.331359
2263.000000 28.323032
2264.000000 28.314713
2265.000000 28.306403
2266.000000 28.298101
2267.000000 28.289807
2268.000000 28.281521
2269.000000 28.273244
2270.000000 28.264974
2271.000000 28.256714
2272.000000 28.248461
2273.000000 28.240217
2274.000000 28.231981
2275.000000 28.223753
2276.000000 28.215533
2277.000000 28.207322
2278.000000 28.199118
2279.000000 28.190923
2280.000000 28.182737
2281.000000 28.174558
2282.000000 28.166387
2283.000000 28.158225
2284.000000 28.150071
2285.000000 28.141925
2286.000000 28.133787
2287.000000 28.125657
2288.000000 28.117536
2289.000000 28.109422
2290.000000 28.101317
2291.000000 28.093220
2292.000000 28.085131
2293.000000 28.077049
2294.000000 28.068976
2295.000000 28.060911
2296.000000 28.052855
2297.000000 28.044806
2298.000000 28.036765
2299.000000 28.028732
2300.000000 28.020707
2301.000000 28.012691
2302.000000 28.004682
2303.000000 27.996681
2304.000000 27.988689
2305.000000 27.980704
2306.000000 27.972727
2307.000000 27.964759
2308.000000 27.956798
2309.000000 27.948845
2310.000000 27.940900
2311.000000 27.932963
2312.000000 27.925034
2313.000000 27.917113
2314.000000 27.909200
2315.000000 27.901295
2316.000000 27.893397
2317.000000 27.885508
2318.000000 27.877626
2319.000000 27.869753
2320.000000 27.861887
2321.000000 27.854029
2322.000000 27.846179
2323.000000 27.838337
2324.000000 27.830502
2325.000000 27.822676
2326.000000 27.814857
2327.000000 27.807046
2328.000000 27.799243
2329.000000 27.791447
2330.000000 27.783660
2331.000000 27.775880
2332.000000 27.768108
2333.000000 27.760344
2334.000000 27.752587
2335.000000 27.744839
2336.000000 27.737098
2337.000000 27.729364
2338.000000 27.721639
2339.000000 27.713921
2340.000000 27.706211
2341.000000 27.698509
2342.000000 27.690814
2343.000000 27.683127
2344.000000 27.675448
2345.000000 27.667776
2346.000000 27.660112
2347.000000 27.652456
2348.000000 27.644807
2349.000000 27.637166
2350.000000 27.629533
2351.000000 27.621907
2352.000000 27.614289
2353.000000 27.606679
2354.000000 27.599076
2355.000000 27.591481
2356.000000 27.583893
2357.000000 27.576313
2358.000000 27.568740
2359.000000 27.561175
2360.000000 27.553618
2361.000000 27.546068
2362.000000 27.538526
2363.000000 27.530991
2364.000000 27.523464
2365.000000 27.515944
2366.000000 27.508432
2367.000000 27.500927
2368.000000 27.493430
2369.000000 27.485940
2370.000000 27.478458
2371.000000 27.470983
2372.000000 27.463516
2373.000000 27.456056
2374.000000 27.448604
