Macierz rozszerzona początkowa:
         0         22         75          8        -51         61         -9  |         96
       -20          0         97        -39         83         31          5  |         35
        74         30          0        -84        -19        -26         -4  |        -48
        53         -8        -91          0        -25         51        -65  |         68
       -83         10        -20         70          0        -39        -81  |        -81
       -62         22         75          8        -51          0         -9  |         63
        79         88         97         63         53         -8          0  |         -5

Po eliminacji dla zmiennej x1:
       -83         10        -20         70          0        -39        -81  |        -81
         0   -2.40964    101.819   -55.8675         83    40.3976    24.5181  |    54.5181
         0    38.9157   -17.8313   -21.5904        -19   -60.7711   -76.2169  |   -120.217
7.10543e-15   -1.61446   -103.771    44.6988        -25    26.0964   -116.723  |    16.2771
         0         22         75          8        -51         61         -9  |         96
         0    14.5301    89.9398   -44.2892        -51    29.1325     51.506  |    123.506
         0    97.5181    77.9639    129.627         53   -45.1205   -77.0964  |   -82.0964

Po eliminacji dla zmiennej x2:
       -83         10        -20         70          0        -39        -81  |        -81
         0    97.5181    77.9639    129.627         53   -45.1205   -77.0964  |   -82.0964
         0          0   -48.9437   -73.3192   -40.1502   -42.7653   -45.4507  |   -87.4554
7.10543e-15 -2.22045e-16    -102.48    46.8448   -24.1226    25.3494   -117.999  |     14.918
         0          0    57.4114   -21.2436   -62.9568    71.1791    8.39288  |    114.521
         0          0    78.3232   -63.6034    -58.897    35.8554    62.9933  |    135.738
         0          0    103.746   -52.6644    84.3096    39.2827     22.613  |    52.4895

Po eliminacji dla zmiennej x3:
       -83         10        -20         70          0        -39        -81  |        -81
         0    97.5181    77.9639    129.627         53   -45.1205   -77.0964  |   -82.0964
         0          0    103.746   -52.6644    84.3096    39.2827     22.613  |    52.4895
7.10543e-15 -2.22045e-16          0   -5.17727    59.1587    64.1529    -95.662  |    66.7673
         0          0          0    7.90012   -109.612    49.4407   -4.12085  |    85.4739
         0          0          0   -23.8442   -122.547    6.19885    45.9215  |    96.1112
         0          0          0   -98.1645  -0.375867    -24.233   -34.7826  |   -62.6927

Po eliminacji dla zmiennej x4:
       -83         10        -20         70          0        -39        -81  |        -81
         0    97.5181    77.9639    129.627         53   -45.1205   -77.0964  |   -82.0964
         0          0    103.746   -52.6644    84.3096    39.2827     22.613  |    52.4895
         0          0          0   -98.1645  -0.375867    -24.233   -34.7826  |   -62.6927
         0          0          0          0   -109.643    47.4904    -6.9201  |    80.4285
         0          0          0          0   -122.455    12.0851    54.3703  |    111.339
7.10543e-15 -2.22045e-16          0          0    59.1786     65.431   -93.8276  |    70.0737

Po eliminacji dla zmiennej x5:
       -83         10        -20         70          0        -39        -81  |        -81
         0    97.5181    77.9639    129.627         53   -45.1205   -77.0964  |   -82.0964
         0          0    103.746   -52.6644    84.3096    39.2827     22.613  |    52.4895
         0          0          0   -98.1645  -0.375867    -24.233   -34.7826  |   -62.6927
         0          0          0          0   -122.455    12.0851    54.3703  |    111.339
         0          0          0          0          0    36.6698   -55.6015  |   -19.2611
7.10543e-15 -2.22045e-16          0          0          0    71.2713   -67.5523  |     123.88

Po eliminacji dla zmiennej x6:
       -83         10        -20         70          0        -39        -81  |        -81
         0    97.5181    77.9639    129.627         53   -45.1205   -77.0964  |   -82.0964
         0          0    103.746   -52.6644    84.3096    39.2827     22.613  |    52.4895
         0          0          0   -98.1645  -0.375867    -24.233   -34.7826  |   -62.6927
         0          0          0          0   -122.455    12.0851    54.3703  |    111.339
7.10543e-15 -2.22045e-16          0          0          0    71.2713   -67.5523  |     123.88
         0          0          0          0          0          0   -20.8451  |   -82.9988

Po eliminacji dla zmiennej x7:
       -83         10        -20         70          0        -39        -81  |        -81
         0    97.5181    77.9639    129.627         53   -45.1205   -77.0964  |   -82.0964
         0          0    103.746   -52.6644    84.3096    39.2827     22.613  |    52.4895
         0          0          0   -98.1645  -0.375867    -24.233   -34.7826  |   -62.6927
         0          0          0          0   -122.455    12.0851    54.3703  |    111.339
7.10543e-15 -2.22045e-16          0          0          0    71.2713   -67.5523  |     123.88
         0          0          0          0          0          0   -20.8451  |   -82.9988

Rozwiązanie układu:
x1 = -4.8909
x2 = 10.6734
x3 = -4.67434
x4 = -2.13827
x5 = 1.40263
x6 = 5.51206
x7 = 3.98168
Sprawdzenie rozwiązania (Ax):
Wiersz 1: -81 (oryginalne b: -81)
Wiersz 2: -82.0964 (oryginalne b: -82.0964)
Wiersz 3: 52.4895 (oryginalne b: 52.4895)
Wiersz 4: -62.6927 (oryginalne b: -62.6927)
Wiersz 5: 111.339 (oryginalne b: 111.339)
Wiersz 6: 123.88 (oryginalne b: 123.88)
Wiersz 7: -82.9988 (oryginalne b: -82.9988)
