12
-608 -749 -385 -233 202 -406 508 325 -387 -400 550 140
439 470 -76 610 -857 -359 767 966 609 -517 -398 -607
-177 720 987 -505 348 -518 -80 -315 -291 566 557 -34
-514 -421 -629 364 -315 95 338 -87 -144 -834 -436 89
-714 -85 70 -851 -839 -313 -995 101 968 -631 602 -164
-522 -962 697 991 -812 -495 640 -489 976 -96 -250 -451
114 505 -200 743 -480 -116 -118 662 757 -976 -311 -54
-935 709 -825 63 -451 -409 -434 326 7 902 -629 -131
34 -736 802 87 -463 163 -206 -607 -558 562 -124 739
-721 -695 927 -640 -929 800 -428 -656 -812 96 -506 -810
-160 158 -218 692 -322 224 -405 840 -261 433 -261 612
-592 70 428 4 755 -825 -808 -331 52 865 -869 -47
589 701 534 -264 914 -242 533 305 836 -464 767 -835
