# Error analysis for Euler's method
# Format: Step_size[s] RMSE Max_Error
0.010000 9.940045e+01 5.095804e+02
0.015000 9.937800e+01 5.085747e+02
0.022500 9.934366e+01 5.070484e+02
0.033750 9.929203e+01 5.047179e+02
0.050625 9.921139e+01 5.011584e+02
0.075938 9.908520e+01 4.954147e+02
0.113906 9.887376e+01 4.856671e+02
0.170859 9.843559e+01 4.647024e+02
0.256289 9.696181e+01 3.953271e+02
0.384434 7.961211e+01 3.720418e+02
0.576650 5.233039e+02 7.400635e+02
0.864976 9.949565e+02 1.407081e+03
1.297463 1.795664e+03 2.539453e+03
1.946195 3.074741e+03 4.348341e+03
2.919293 5.035044e+03 7.120628e+03
4.378939 7.987382e+03 1.129586e+04
6.568408 1.241731e+04 1.756072e+04
9.852613 1.906225e+04 2.695809e+04
