# x	f(x)	F(x)	error
1.5	-6.2084	-6.65204	0.443633
1.5015	-6.21864	-6.63285	0.414214
1.503	-6.2286	-6.61433	0.385733
1.5045	-6.23828	-6.59645	0.358171
1.506	-6.24767	-6.57919	0.331511
1.5075	-6.25679	-6.56252	0.305735
1.509	-6.26561	-6.54644	0.280825
1.5105	-6.27415	-6.53091	0.256765
1.512	-6.28239	-6.51593	0.233537
1.5135	-6.29034	-6.50147	0.211124
1.515	-6.29799	-6.4875	0.189511
1.5165	-6.30534	-6.47402	0.16868
1.518	-6.31239	-6.46101	0.148615
1.5195	-6.31914	-6.44844	0.129301
1.521	-6.32557	-6.43629	0.110722
1.5225	-6.3317	-6.42456	0.0928621
1.524	-6.33751	-6.41322	0.0757062
1.5255	-6.34301	-6.40225	0.0592391
1.527	-6.34819	-6.39164	0.0434458
1.5285	-6.35305	-6.38136	0.0283117
1.53	-6.35759	-6.37141	0.0138221
1.5315	-6.36181	-6.36177	-3.7211e-05
1.533	-6.36569	-6.35241	-0.0132805
1.5345	-6.36925	-6.34333	-0.0259216
1.536	-6.37248	-6.33451	-0.0379744
1.5375	-6.37537	-6.32592	-0.0494525
1.539	-6.37793	-6.31756	-0.0603693
1.5405	-6.38015	-6.30941	-0.0707379
1.542	-6.38203	-6.30146	-0.0805715
1.5435	-6.38357	-6.29368	-0.0898829
1.545	-6.38476	-6.28607	-0.0986847
1.5465	-6.3856	-6.27861	-0.10699
1.548	-6.3861	-6.27129	-0.11481
1.5495	-6.38625	-6.26409	-0.122157
1.551	-6.38604	-6.25699	-0.129044
1.5525	-6.38547	-6.24999	-0.135482
1.554	-6.38455	-6.24307	-0.141483
1.5555	-6.38327	-6.23621	-0.147058
1.557	-6.38163	-6.22941	-0.152218
1.5585	-6.37963	-6.22265	-0.156976
1.56	-6.37726	-6.21592	-0.16134
1.5615	-6.37452	-6.2092	-0.165323
1.563	-6.37141	-6.20248	-0.168936
1.5645	-6.36794	-6.19575	-0.172187
1.566	-6.36409	-6.189	-0.175088
1.5675	-6.35986	-6.18221	-0.17765
1.569	-6.35526	-6.17538	-0.179881
1.5705	-6.35028	-6.16849	-0.181791
1.572	-6.34493	-6.16154	-0.183391
1.5735	-6.33919	-6.1545	-0.18469
1.575	-6.33306	-6.14737	-0.185697
1.5765	-6.32656	-6.14014	-0.186422
1.578	-6.31966	-6.13279	-0.186873
1.5795	-6.31238	-6.12532	-0.187059
1.581	-6.30471	-6.11772	-0.186989
1.5825	-6.29665	-6.10997	-0.186672
1.584	-6.28819	-6.10207	-0.186117
1.5855	-6.27934	-6.09401	-0.185331
1.587	-6.2701	-6.08577	-0.184322
1.5885	-6.26045	-6.07735	-0.1831
1.59	-6.25041	-6.06874	-0.181671
1.5915	-6.23997	-6.05993	-0.180043
1.593	-6.22913	-6.05091	-0.178225
1.5945	-6.21789	-6.04166	-0.176223
1.596	-6.20624	-6.03219	-0.174045
1.5975	-6.19418	-6.02249	-0.171698
1.599	-6.18172	-6.01253	-0.169189
1.6005	-6.16886	-6.00233	-0.166526
1.602	-6.15558	-5.99187	-0.163714
1.6035	-6.14189	-5.98113	-0.160761
1.605	-6.1278	-5.97012	-0.157674
1.6065	-6.11329	-5.95883	-0.154458
1.608	-6.09837	-5.94725	-0.151121
1.6095	-6.08303	-5.93536	-0.147667
1.611	-6.06728	-5.92318	-0.144105
1.6125	-6.05111	-5.91068	-0.140438
1.614	-6.03453	-5.89786	-0.136674
1.6155	-6.01753	-5.88471	-0.132817
1.617	-6.00011	-5.87123	-0.128874
1.6185	-5.98227	-5.85742	-0.12485
1.62	-5.96401	-5.84326	-0.120751
1.6215	-5.94533	-5.82875	-0.116581
1.623	-5.92623	-5.81388	-0.112346
1.6245	-5.9067	-5.79865	-0.108051
1.626	-5.88675	-5.78305	-0.1037
1.6275	-5.86638	-5.76708	-0.0992996
1.629	-5.84558	-5.75073	-0.0948532
1.6305	-5.82436	-5.734	-0.0903658
1.632	-5.80272	-5.71687	-0.0858418
1.6335	-5.78064	-5.69936	-0.0812858
1.635	-5.75814	-5.68144	-0.0767018
1.6365	-5.73522	-5.66312	-0.0720943
1.638	-5.71186	-5.6444	-0.0674673
1.6395	-5.68808	-5.62526	-0.0628247
1.641	-5.66388	-5.60571	-0.0581705
1.6425	-5.63924	-5.58573	-0.0535085
1.644	-5.61417	-5.56533	-0.0488424
1.6455	-5.58868	-5.5445	-0.0441758
1.647	-5.56276	-5.52325	-0.0395123
1.6485	-5.53641	-5.50155	-0.0348552
1.65	-5.50963	-5.47942	-0.0302079
1.6515	-5.48242	-5.45684	-0.0255738
1.653	-5.45478	-5.43382	-0.0209558
1.6545	-5.42671	-5.41035	-0.0163571
1.656	-5.39821	-5.38643	-0.0117807
1.6575	-5.36928	-5.36206	-0.00722951
1.659	-5.33993	-5.33722	-0.0027063
1.6605	-5.31014	-5.31193	0.00178617
1.662	-5.27993	-5.28618	0.00624527
1.6635	-5.24929	-5.25996	0.0106684
1.665	-5.21822	-5.23327	0.0150531
1.6665	-5.18672	-5.20612	0.019397
1.668	-5.1548	-5.1785	0.0236977
1.6695	-5.12244	-5.1504	0.0279529
1.671	-5.08967	-5.12183	0.0321605
1.6725	-5.05646	-5.09278	0.0363185
1.674	-5.02283	-5.06325	0.0404247
1.6755	-4.98877	-5.03325	0.0444771
1.677	-4.95429	-5.00276	0.0484741
1.6785	-4.91938	-4.97179	0.0524136
1.68	-4.88405	-4.94034	0.056294
1.6815	-4.8483	-4.90841	0.0601136
1.683	-4.81212	-4.87599	0.0638708
1.6845	-4.77552	-4.84309	0.067564
1.686	-4.7385	-4.80969	0.0711918
1.6875	-4.70106	-4.77582	0.0747529
1.689	-4.6632	-4.74145	0.0782457
1.6905	-4.62493	-4.7066	0.0816691
1.692	-4.58623	-4.67126	0.0850218
1.6935	-4.54712	-4.63543	0.0883028
1.695	-4.5076	-4.59911	0.0915108
1.6965	-4.46765	-4.5623	0.0946449
1.698	-4.4273	-4.525	0.097704
1.6995	-4.38653	-4.48722	0.100687
1.701	-4.34535	-4.44895	0.103594
1.7025	-4.30377	-4.41019	0.106423
1.704	-4.26177	-4.37094	0.109174
1.7055	-4.21936	-4.33121	0.111846
1.707	-4.17655	-4.29099	0.114438
1.7085	-4.13334	-4.25029	0.11695
1.71	-4.08972	-4.2091	0.119382
1.7115	-4.04569	-4.16743	0.121732
1.713	-4.00127	-4.12527	0.124
1.7145	-3.95645	-4.08264	0.126187
1.716	-3.91123	-4.03952	0.128291
1.7175	-3.86561	-3.99592	0.130312
1.719	-3.8196	-3.95185	0.13225
1.7205	-3.7732	-3.9073	0.134106
1.722	-3.7264	-3.86228	0.135877
1.7235	-3.67922	-3.81678	0.137566
1.725	-3.63164	-3.77081	0.139171
1.7265	-3.58368	-3.72437	0.140692
1.728	-3.53534	-3.67747	0.14213
1.7295	-3.48661	-3.6301	0.143484
1.731	-3.43751	-3.58226	0.144755
1.7325	-3.38802	-3.53396	0.145943
1.734	-3.33816	-3.4852	0.147047
1.7355	-3.28792	-3.43599	0.148069
1.737	-3.23731	-3.38632	0.149008
1.7385	-3.18633	-3.33619	0.149864
1.74	-3.13498	-3.28562	0.150639
1.7415	-3.08327	-3.2346	0.151331
1.743	-3.03119	-3.18313	0.151943
1.7445	-2.97875	-3.13122	0.152473
1.746	-2.92594	-3.07887	0.152922
1.7475	-2.87279	-3.02608	0.153292
1.749	-2.81927	-2.97285	0.153582
1.7505	-2.76541	-2.9192	0.153793
1.752	-2.71119	-2.86512	0.153926
1.7535	-2.65663	-2.81061	0.15398
1.755	-2.60172	-2.75567	0.153957
1.7565	-2.54646	-2.70032	0.153858
1.758	-2.49087	-2.64456	0.153683
1.7595	-2.43494	-2.58837	0.153432
1.761	-2.37868	-2.53178	0.153107
1.7625	-2.32208	-2.47479	0.152708
1.764	-2.26515	-2.41739	0.152236
1.7655	-2.2079	-2.35959	0.151692
1.767	-2.15032	-2.3014	0.151076
1.7685	-2.09242	-2.24281	0.150389
1.77	-2.0342	-2.18384	0.149633
1.7715	-1.97567	-2.12448	0.148808
1.773	-1.91682	-2.06474	0.147915
1.7745	-1.85767	-2.00462	0.146954
1.776	-1.7982	-1.94413	0.145928
1.7775	-1.73844	-1.88327	0.144836
1.779	-1.67837	-1.82205	0.14368
1.7805	-1.618	-1.76046	0.14246
1.782	-1.55734	-1.69852	0.141179
1.7835	-1.49639	-1.63623	0.139836
1.785	-1.43515	-1.57358	0.138432
1.7865	-1.37363	-1.5106	0.13697
1.788	-1.31182	-1.44727	0.135449
1.7895	-1.24974	-1.38361	0.133871
1.791	-1.18738	-1.31961	0.132237
1.7925	-1.12474	-1.25529	0.130548
1.794	-1.06184	-1.19065	0.128805
1.7955	-0.998678	-1.12569	0.12701
1.797	-0.935252	-1.06041	0.125163
1.7985	-0.871567	-0.994832	0.123265
1.8	-0.807627	-0.928945	0.121318
1.8015	-0.743437	-0.862759	0.119322
1.803	-0.678999	-0.796279	0.11728
1.8045	-0.614318	-0.729509	0.115192
1.806	-0.549396	-0.662455	0.113059
1.8075	-0.484238	-0.59512	0.110882
1.809	-0.418847	-0.527509	0.108663
1.8105	-0.353227	-0.459629	0.106403
1.812	-0.287381	-0.391483	0.104102
1.8135	-0.221314	-0.323077	0.101763
1.815	-0.155029	-0.254416	0.0993864
1.8165	-0.0885309	-0.185504	0.0969733
1.818	-0.0218224	-0.116347	0.094525
1.8195	0.0450921	-0.0469505	0.0920426
1.821	0.112209	0.0226812	0.0895275
1.8225	0.179524	0.0925427	0.0869808
1.824	0.247032	0.162629	0.0844038
1.8255	0.314731	0.232934	0.0817976
1.827	0.382617	0.303453	0.0791635
1.8285	0.450684	0.374181	0.0765026
1.83	0.518929	0.445112	0.0738163
1.8315	0.587347	0.516242	0.0711057
1.833	0.655935	0.587563	0.0683721
1.8345	0.724689	0.659073	0.0656166
1.836	0.793604	0.730763	0.0628405
1.8375	0.862676	0.802631	0.0600449
1.839	0.9319	0.874669	0.0572311
1.8405	1.00127	0.946872	0.0544003
1.842	1.07079	1.01924	0.0515537
1.8435	1.14045	1.09175	0.0486925
1.845	1.21024	1.16442	0.0458178
1.8465	1.28016	1.23723	0.0429309
1.848	1.35021	1.31018	0.0400329
1.8495	1.42038	1.38326	0.0371251
1.851	1.49067	1.45646	0.0342085
1.8525	1.56107	1.52979	0.0312845
1.854	1.63158	1.60323	0.028354
1.8555	1.7022	1.67678	0.0254183
1.857	1.77291	1.75043	0.0224786
1.8585	1.84372	1.82418	0.0195359
1.86	1.91462	1.89803	0.0165914
1.8615	1.9856	1.97196	0.0136462
1.863	2.05667	2.04597	0.0107015
1.8645	2.12781	2.12005	0.0077583
1.866	2.19903	2.19421	0.00481779
1.8675	2.27031	2.26843	0.00188102
1.869	2.34165	2.3427	-0.00105091
1.8705	2.41305	2.41703	-0.00397693
1.872	2.4845	2.4914	-0.00689598
1.8735	2.55601	2.56581	-0.00980699
1.875	2.62755	2.64026	-0.0127089
1.8765	2.69913	2.71473	-0.0156008
1.878	2.77075	2.78923	-0.0184815
1.8795	2.8424	2.86375	-0.02135
1.881	2.91406	2.93827	-0.0242054
1.8825	2.98575	3.0128	-0.0270466
1.884	3.05745	3.08733	-0.0298727
1.8855	3.12916	3.16185	-0.0326827
1.887	3.20088	3.23636	-0.0354756
1.8885	3.27259	3.31084	-0.0382506
1.89	3.3443	3.38531	-0.0410066
1.8915	3.416	3.45974	-0.0437427
1.893	3.48768	3.53414	-0.046458
1.8945	3.55934	3.60849	-0.0491517
1.896	3.63098	3.6828	-0.0518228
1.8975	3.70258	3.75705	-0.0544705
1.899	3.77415	3.83124	-0.0570939
1.9005	3.84568	3.90537	-0.0596922
1.902	3.91716	3.97942	-0.0622645
1.9035	3.98859	4.0534	-0.06481
1.905	4.05996	4.12729	-0.067328
1.9065	4.13127	4.20109	-0.0698175
1.908	4.20252	4.2748	-0.072278
1.9095	4.27369	4.3484	-0.0747084
1.911	4.34479	4.4219	-0.0771083
1.9125	4.41581	4.49528	-0.0794767
1.914	4.48673	4.56855	-0.081813
1.9155	4.55757	4.64169	-0.0841165
1.917	4.62831	4.7147	-0.0863864
1.9185	4.69895	4.78757	-0.0886222
1.92	4.76947	4.8603	-0.0908231
1.9215	4.83989	4.93288	-0.0929885
1.923	4.91019	5.00531	-0.0951177
1.9245	4.98036	5.07757	-0.0972103
1.926	5.05041	5.14967	-0.0992654
1.9275	5.12032	5.2216	-0.101283
1.929	5.19009	5.29335	-0.103261
1.9305	5.25972	5.36492	-0.105201
1.932	5.3292	5.4363	-0.107101
1.9335	5.39852	5.50748	-0.108961
1.935	5.46769	5.57847	-0.11078
1.9365	5.53669	5.64924	-0.112558
1.938	5.60551	5.71981	-0.114295
1.9395	5.67417	5.79016	-0.11599
1.941	5.74264	5.86028	-0.117641
1.9425	5.81093	5.93018	-0.11925
1.944	5.87902	5.99984	-0.120816
1.9455	5.94692	6.06926	-0.122338
1.947	6.01461	6.13843	-0.123816
1.9485	6.0821	6.20735	-0.125249
1.95	6.14938	6.27601	-0.126637
1.9515	6.21644	6.34442	-0.127981
1.953	6.28327	6.41255	-0.129278
1.9545	6.34988	6.48041	-0.13053
1.956	6.41625	6.54799	-0.131736
1.9575	6.48239	6.61528	-0.132895
1.959	6.54828	6.68229	-0.134008
1.9605	6.61392	6.74899	-0.135073
1.962	6.67931	6.8154	-0.136092
1.9635	6.74444	6.8815	-0.137063
1.965	6.8093	6.94729	-0.137987
1.9665	6.8739	7.01276	-0.138863
1.968	6.93821	7.07791	-0.139691
1.9695	7.00225	7.14273	-0.140472
1.971	7.06601	7.20721	-0.141204
1.9725	7.12947	7.27136	-0.141888
1.974	7.19264	7.33516	-0.142523
1.9755	7.2555	7.39861	-0.14311
1.977	7.31806	7.46171	-0.143648
1.9785	7.38031	7.52445	-0.144138
1.98	7.44224	7.58682	-0.14458
1.9815	7.50385	7.64882	-0.144972
1.983	7.56513	7.71045	-0.145316
1.9845	7.62609	7.7717	-0.145611
1.986	7.6867	7.83256	-0.145858
1.9875	7.74697	7.89303	-0.146056
1.989	7.8069	7.95311	-0.146206
1.9905	7.86648	8.01278	-0.146307
1.992	7.92569	8.07205	-0.146359
1.9935	7.98455	8.13091	-0.146364
1.995	8.04304	8.18936	-0.14632
1.9965	8.10115	8.24738	-0.146228
1.998	8.15889	8.30498	-0.146088
1.9995	8.21625	8.36215	-0.1459
2.001	8.27322	8.41889	-0.145665
2.0025	8.3298	8.47518	-0.145382
2.004	8.38598	8.53103	-0.145052
2.0055	8.44176	8.58644	-0.144674
2.007	8.49714	8.64139	-0.14425
2.0085	8.5521	8.69588	-0.143779
2.01	8.60665	8.74991	-0.143262
2.0115	8.66077	8.80347	-0.142699
2.013	8.71448	8.85657	-0.14209
2.0145	8.76775	8.90918	-0.141435
2.016	8.82058	8.96132	-0.140735
2.0175	8.87298	9.01297	-0.13999
2.019	8.92493	9.06413	-0.139201
2.0205	8.97643	9.11479	-0.138367
2.022	9.02747	9.16496	-0.137489
2.0235	9.07806	9.21463	-0.136567
2.025	9.12819	9.26379	-0.135602
2.0265	9.17785	9.31244	-0.134595
2.028	9.22703	9.36058	-0.133545
2.0295	9.27574	9.40819	-0.132452
2.031	9.32397	9.45529	-0.131319
2.0325	9.37171	9.50185	-0.130143
2.034	9.41896	9.54789	-0.128928
2.0355	9.46572	9.59339	-0.127671
2.037	9.51197	9.63835	-0.126375
2.0385	9.55773	9.68277	-0.12504
2.04	9.60297	9.72664	-0.123665
2.0415	9.64771	9.76996	-0.122252
2.043	9.69193	9.81273	-0.120801
2.0445	9.73562	9.85494	-0.119313
2.046	9.7788	9.89658	-0.117787
2.0475	9.82144	9.93766	-0.116226
2.049	9.86355	9.97818	-0.114628
2.0505	9.90512	10.0181	-0.112995
2.052	9.94615	10.0575	-0.111328
2.0535	9.98664	10.0963	-0.109626
2.055	10.0266	10.1345	-0.10789
2.0565	10.066	10.1721	-0.106122
2.058	10.1048	10.2091	-0.104321
2.0595	10.143	10.2455	-0.102488
2.061	10.1807	10.2814	-0.100624
2.0625	10.2179	10.3166	-0.0987292
2.064	10.2544	10.3512	-0.0968044
2.0655	10.2904	10.3853	-0.0948503
2.067	10.3258	10.4187	-0.0928674
2.0685	10.3606	10.4515	-0.0908564
2.07	10.3948	10.4837	-0.088818
2.0715	10.4285	10.5152	-0.0867527
2.073	10.4615	10.5462	-0.0846613
2.0745	10.494	10.5765	-0.0825444
2.076	10.5258	10.6062	-0.0804027
2.0775	10.557	10.6353	-0.0782369
2.079	10.5876	10.6637	-0.0760476
2.0805	10.6177	10.6915	-0.0738356
2.082	10.647	10.7186	-0.0716015
2.0835	10.6758	10.7452	-0.0693461
2.085	10.704	10.771	-0.06707
2.0865	10.7315	10.7963	-0.064774
2.088	10.7584	10.8209	-0.0624587
2.0895	10.7847	10.8448	-0.0601249
2.091	10.8103	10.8681	-0.0577734
2.0925	10.8353	10.8907	-0.0554048
2.094	10.8596	10.9127	-0.0530198
2.0955	10.8833	10.934	-0.0506193
2.097	10.9064	10.9546	-0.0482039
2.0985	10.9288	10.9746	-0.0457743
2.1	10.9506	10.9939	-0.0433314
2.1015	10.9717	11.0125	-0.0408759
2.103	10.9921	11.0305	-0.0384084
2.1045	11.0119	11.0478	-0.0359299
2.106	11.031	11.0644	-0.0334409
2.1075	11.0494	11.0804	-0.0309423
2.109	11.0672	11.0956	-0.0284348
2.1105	11.0843	11.1102	-0.0259192
2.112	11.1007	11.1241	-0.0233963
2.1135	11.1165	11.1374	-0.0208667
2.115	11.1316	11.1499	-0.0183313
2.1165	11.146	11.1618	-0.0157907
2.118	11.1597	11.1729	-0.0132459
2.1195	11.1727	11.1834	-0.0106975
2.121	11.185	11.1932	-0.00814624
2.1225	11.1967	11.2023	-0.00559296
2.124	11.2076	11.2107	-0.00303839
2.1255	11.2179	11.2184	-0.000483287
2.127	11.2275	11.2254	0.00207159
2.1285	11.2363	11.2317	0.00462549
2.13	11.2445	11.2373	0.00717764
2.1315	11.2519	11.2422	0.0097273
2.133	11.2587	11.2464	0.0122737
2.1345	11.2648	11.2499	0.0148161
2.136	11.2701	11.2527	0.0173538
2.1375	11.2747	11.2549	0.019886
2.139	11.2787	11.2563	0.0224119
2.1405	11.2819	11.2569	0.0249309
2.142	11.2844	11.2569	0.0274421
2.1435	11.2862	11.2562	0.0299449
2.145	11.2872	11.2548	0.0324385
2.1465	11.2876	11.2527	0.0349222
2.148	11.2872	11.2498	0.0373952
2.1495	11.2861	11.2463	0.0398568
2.151	11.2843	11.242	0.0423064
2.1525	11.2818	11.2371	0.0447432
2.154	11.2786	11.2314	0.0471664
2.1555	11.2746	11.225	0.0495754
2.157	11.2699	11.2179	0.0519695
2.1585	11.2645	11.2101	0.054348
2.16	11.2583	11.2016	0.0567101
2.1615	11.2514	11.1924	0.0590553
2.163	11.2438	11.1824	0.0613828
2.1645	11.2355	11.1718	0.0636919
2.166	11.2264	11.1604	0.0659819
2.1675	11.2166	11.1484	0.0682523
2.169	11.2061	11.1356	0.0705023
2.1705	11.1948	11.1221	0.0727313
2.172	11.1829	11.1079	0.0749387
2.1735	11.1702	11.093	0.0771237
2.175	11.1567	11.0774	0.0792859
2.1765	11.1425	11.0611	0.0814244
2.178	11.1276	11.0441	0.0835388
2.1795	11.112	11.0264	0.0856284
2.181	11.0956	11.0079	0.0876926
2.1825	11.0785	10.9888	0.0897307
2.184	11.0607	10.9689	0.0917423
2.1855	11.0421	10.9484	0.0937268
2.187	11.0228	10.9271	0.0956834
2.1885	11.0028	10.9052	0.0976118
2.19	10.9821	10.8825	0.0995112
2.1915	10.9606	10.8592	0.101381
2.193	10.9384	10.8351	0.103221
2.1945	10.9154	10.8104	0.105031
2.196	10.8918	10.785	0.106809
2.1975	10.8674	10.7588	0.108556
2.199	10.8423	10.732	0.110271
2.2005	10.8164	10.7045	0.111954
2.202	10.7899	10.6763	0.113603
2.2035	10.7626	10.6473	0.115219
2.205	10.7346	10.6178	0.1168
2.2065	10.7058	10.5875	0.118348
2.208	10.6764	10.5565	0.11986
2.2095	10.6462	10.5249	0.121337
2.211	10.6153	10.4925	0.122778
2.2125	10.5837	10.4595	0.124183
2.214	10.5514	10.4259	0.125551
2.2155	10.5184	10.3915	0.126883
2.217	10.4846	10.3565	0.128177
2.2185	10.4502	10.3208	0.129433
2.22	10.415	10.2844	0.130651
2.2215	10.3792	10.2473	0.13183
2.223	10.3426	10.2096	0.13297
2.2245	10.3053	10.1713	0.134071
2.226	10.2674	10.1322	0.135133
2.2275	10.2287	10.0925	0.136155
2.229	10.1893	10.0522	0.137136
2.2305	10.1493	10.0112	0.138078
2.232	10.1085	9.96952	0.138978
2.2335	10.0671	9.92722	0.139837
2.235	10.0249	9.88427	0.140655
2.2365	9.98211	9.84068	0.141431
2.238	9.93861	9.79644	0.142166
2.2395	9.89443	9.75157	0.142859
2.241	9.84957	9.70606	0.143509
2.2425	9.80403	9.65992	0.144117
2.244	9.75782	9.61314	0.144682
2.2455	9.71095	9.56574	0.145205
2.247	9.6634	9.51772	0.145684
2.2485	9.61519	9.46907	0.14612
2.25	9.56633	9.41981	0.146513
2.2515	9.5168	9.36993	0.146863
2.253	9.46661	9.31944	0.147169
2.2545	9.41578	9.26835	0.147432
2.256	9.36429	9.21664	0.14765
2.2575	9.31216	9.16434	0.147825
2.259	9.25939	9.11144	0.147956
2.2605	9.20598	9.05794	0.148043
2.262	9.15193	9.00385	0.148086
2.2635	9.09726	8.94917	0.148085
2.265	9.04195	8.89391	0.14804
2.2665	8.98602	8.83807	0.14795
2.268	8.92947	8.78165	0.147817
2.2695	8.8723	8.72466	0.14764
2.271	8.81451	8.66709	0.147418
2.2725	8.75612	8.60897	0.147153
2.274	8.69712	8.55028	0.146843
2.2755	8.63752	8.49103	0.14649
2.277	8.57732	8.43123	0.146093
2.2785	8.51653	8.37088	0.145652
2.28	8.45515	8.30998	0.145167
2.2815	8.39319	8.24855	0.144639
2.283	8.33064	8.18657	0.144068
2.2845	8.26752	8.12406	0.143453
2.286	8.20382	8.06103	0.142795
2.2875	8.13956	7.99747	0.142094
2.289	8.07474	7.93339	0.141351
2.2905	8.00935	7.86879	0.140564
2.292	7.94342	7.80368	0.139736
2.2935	7.87693	7.73807	0.138865
2.295	7.8099	7.67195	0.137952
2.2965	7.74234	7.60534	0.136998
2.298	7.67423	7.53823	0.136002
2.2995	7.6056	7.47064	0.134964
2.301	7.53645	7.40256	0.133886
2.3025	7.46677	7.334	0.132767
2.304	7.39658	7.26497	0.131608
2.3055	7.32588	7.19548	0.130409
2.307	7.25468	7.12551	0.129169
2.3085	7.18298	7.05509	0.127891
2.31	7.11079	6.98422	0.126573
2.3115	7.03811	6.9129	0.125217
2.313	6.96495	6.84113	0.123822
2.3145	6.89131	6.76892	0.122389
2.316	6.8172	6.69629	0.120918
2.3175	6.74263	6.62322	0.11941
2.319	6.6676	6.54973	0.117866
2.3205	6.59211	6.47583	0.116285
2.322	6.51618	6.40151	0.114668
2.3235	6.4398	6.32678	0.113015
2.325	6.36299	6.25166	0.111327
2.3265	6.28574	6.17614	0.109605
2.328	6.20808	6.10023	0.107848
2.3295	6.12999	6.02394	0.106058
2.331	6.0515	5.94726	0.104235
2.3325	5.9726	5.87022	0.102379
2.334	5.89329	5.7928	0.10049
2.3355	5.8136	5.71503	0.0985703
2.337	5.73352	5.6369	0.0966192
2.3385	5.65306	5.55842	0.0946375
2.34	5.57222	5.4796	0.0926258
2.3415	5.49102	5.40044	0.0905846
2.343	5.40946	5.32094	0.0885145
2.3445	5.32754	5.24112	0.086416
2.346	5.24527	5.16098	0.0842899
2.3475	5.16267	5.08053	0.0821365
2.349	5.07973	4.99977	0.0799567
2.3505	4.99646	4.91871	0.0777509
2.352	4.91287	4.83735	0.0755199
2.3535	4.82897	4.75571	0.0732641
2.355	4.74476	4.67378	0.0709844
2.3565	4.66025	4.59157	0.0686813
2.358	4.57545	4.5091	0.0663554
2.3595	4.49037	4.42636	0.0640076
2.361	4.405	4.34336	0.0616383
2.3625	4.31936	4.26012	0.0592483
2.364	4.23346	4.17662	0.0568383
2.3655	4.1473	4.0929	0.054409
2.367	4.0609	4.00894	0.0519611
2.3685	3.97425	3.92475	0.0494952
2.37	3.88736	3.84035	0.0470122
2.3715	3.80025	3.75574	0.0445126
2.373	3.71292	3.67092	0.0419974
2.3745	3.62537	3.5859	0.0394671
2.376	3.53762	3.5007	0.0369225
2.3775	3.44967	3.41531	0.0343644
2.379	3.36153	3.32974	0.0317935
2.3805	3.27321	3.244	0.0292106
2.382	3.18472	3.1581	0.0266165
2.3835	3.09605	3.07204	0.0240118
2.385	3.00723	2.98584	0.0213974
2.3865	2.91826	2.89949	0.0187741
2.388	2.82914	2.813	0.0161426
2.3895	2.73989	2.72639	0.0135037
2.391	2.65051	2.63965	0.0108583
2.3925	2.56101	2.5528	0.00820698
2.394	2.4714	2.46585	0.00555071
2.3955	2.38168	2.37879	0.00289023
2.397	2.29187	2.29164	0.000226349
2.3985	2.20197	2.20441	-0.00244012
2.4	2.11199	2.1171	-0.00510838
2.4015	2.02194	2.02971	-0.0077776
2.403	1.93182	1.94227	-0.010447
2.4045	1.84165	1.85476	-0.0131157
2.406	1.75143	1.76721	-0.015783
2.4075	1.66117	1.67962	-0.0184479
2.409	1.57088	1.59199	-0.0211097
2.4105	1.48057	1.50434	-0.0237676
2.412	1.39025	1.41667	-0.0264207
2.4135	1.29992	1.32899	-0.0290682
2.415	1.20959	1.2413	-0.0317093
2.4165	1.11927	1.15362	-0.0343432
2.418	1.02897	1.06594	-0.0369689
2.4195	0.938704	0.97829	-0.0395858
2.421	0.84847	0.890663	-0.0421929
2.4225	0.758281	0.80307	-0.0447895
2.424	0.668144	0.715519	-0.0473747
2.4255	0.57807	0.628017	-0.0499477
2.427	0.488065	0.540573	-0.0525076
2.4285	0.39814	0.453193	-0.0550538
2.43	0.308301	0.365886	-0.0575852
2.4315	0.218558	0.27866	-0.0601011
2.433	0.12892	0.191521	-0.0626007
2.4345	0.0393954	0.104479	-0.0650832
2.436	-0.0500078	0.01754	-0.0675478
2.4375	-0.139281	-0.069287	-0.0699936
2.439	-0.228414	-0.155995	-0.0724199
2.4405	-0.3174	-0.242575	-0.0748258
2.442	-0.40623	-0.329019	-0.0772105
2.4435	-0.494894	-0.415321	-0.0795733
2.445	-0.583385	-0.501472	-0.0819134
2.4465	-0.671693	-0.587463	-0.0842299
2.448	-0.75981	-0.673288	-0.0865221
2.4495	-0.847726	-0.758937	-0.0887891
2.451	-0.935434	-0.844404	-0.0910304
2.4525	-1.02292	-0.929679	-0.0932449
2.454	-1.11019	-1.01476	-0.0954321
2.4555	-1.19722	-1.09963	-0.0975911
2.457	-1.284	-1.18428	-0.0997212
2.4585	-1.37053	-1.26871	-0.101822
2.46	-1.4568	-1.35291	-0.103892
2.4615	-1.5428	-1.43687	-0.105931
2.463	-1.62853	-1.52059	-0.107938
2.4645	-1.71396	-1.60405	-0.109912
2.466	-1.7991	-1.68724	-0.111853
2.4675	-1.88393	-1.77017	-0.11376
2.469	-1.96844	-1.85281	-0.115633
2.4705	-2.05264	-1.93517	-0.11747
2.472	-2.1365	-2.01723	-0.119271
2.4735	-2.22002	-2.09898	-0.121035
2.475	-2.30319	-2.18043	-0.122762
2.4765	-2.386	-2.26155	-0.124451
2.478	-2.46845	-2.34235	-0.126101
2.4795	-2.55052	-2.42281	-0.127712
2.481	-2.63221	-2.50292	-0.129283
2.4825	-2.7135	-2.58269	-0.130813
2.484	-2.79439	-2.66209	-0.132302
2.4855	-2.87487	-2.74112	-0.133749
2.487	-2.95493	-2.81977	-0.135154
2.4885	-3.03456	-2.89804	-0.136516
2.49	-3.11375	-2.97592	-0.137834
2.4915	-3.1925	-3.05339	-0.139109
2.493	-3.27079	-3.13045	-0.140338
2.4945	-3.34862	-3.2071	-0.141523
2.496	-3.42598	-3.28332	-0.142662
2.4975	-3.50286	-3.3591	-0.143755
2.499	-3.57924	-3.43444	-0.144801
2.5005	-3.65513	-3.50933	-0.1458
2.502	-3.73052	-3.58377	-0.146751
2.5035	-3.80539	-3.65773	-0.147655
2.505	-3.87973	-3.73122	-0.14851
2.5065	-3.95354	-3.80423	-0.149316
2.508	-4.02681	-3.87674	-0.150072
2.5095	-4.09954	-3.94876	-0.150779
2.511	-4.1717	-4.02026	-0.151436
2.5125	-4.2433	-4.09126	-0.152042
2.514	-4.31432	-4.16172	-0.152597
2.5155	-4.38476	-4.23166	-0.153101
2.517	-4.45461	-4.30105	-0.153554
2.5185	-4.52386	-4.3699	-0.153955
2.52	-4.5925	-4.43819	-0.154303
2.5215	-4.66052	-4.50592	-0.154599
2.523	-4.72792	-4.57307	-0.154843
2.5245	-4.79468	-4.63965	-0.155033
2.526	-4.86081	-4.70563	-0.155171
2.5275	-4.92628	-4.77102	-0.155254
2.529	-4.99109	-4.83581	-0.155285
2.5305	-5.05524	-4.89998	-0.155261
2.532	-5.11872	-4.96353	-0.155183
2.5335	-5.18151	-5.02646	-0.155052
2.535	-5.24361	-5.08875	-0.154866
2.5365	-5.30502	-5.15039	-0.154625
2.538	-5.36571	-5.21138	-0.15433
2.5395	-5.42569	-5.27171	-0.153981
2.541	-5.48496	-5.33138	-0.153577
2.5425	-5.54349	-5.39037	-0.153118
2.544	-5.60128	-5.44867	-0.152604
2.5455	-5.65832	-5.50629	-0.152036
2.547	-5.71462	-5.5632	-0.151412
2.5485	-5.77015	-5.61941	-0.150734
2.55	-5.82491	-5.67491	-0.150002
2.5515	-5.8789	-5.72968	-0.149214
2.553	-5.9321	-5.78372	-0.148373
2.5545	-5.98451	-5.83703	-0.147476
2.556	-6.03612	-5.88959	-0.146525
2.5575	-6.08692	-5.9414	-0.14552
2.559	-6.13691	-5.99245	-0.144461
2.5605	-6.18608	-6.04273	-0.143348
2.562	-6.23441	-6.09223	-0.142181
2.5635	-6.28192	-6.14096	-0.140961
2.565	-6.32858	-6.18889	-0.139687
2.5665	-6.37438	-6.23602	-0.138361
2.568	-6.41934	-6.28235	-0.136981
2.5695	-6.46342	-6.32787	-0.135549
2.571	-6.50663	-6.37257	-0.134065
2.5725	-6.54897	-6.41644	-0.132529
2.574	-6.59042	-6.45948	-0.130941
2.5755	-6.63098	-6.50167	-0.129302
2.577	-6.67063	-6.54302	-0.127613
2.5785	-6.70938	-6.58351	-0.125873
2.58	-6.74722	-6.62314	-0.124082
2.5815	-6.78414	-6.6619	-0.122243
2.583	-6.82013	-6.69978	-0.120354
2.5845	-6.85519	-6.73678	-0.118417
2.586	-6.88932	-6.77288	-0.116432
2.5875	-6.92249	-6.80809	-0.114399
2.589	-6.95471	-6.8424	-0.112319
2.5905	-6.98598	-6.87579	-0.110193
2.592	-7.01628	-6.90826	-0.10802
2.5935	-7.04561	-6.93981	-0.105803
2.595	-7.07396	-6.97042	-0.10354
2.5965	-7.10134	-7.0001	-0.101234
2.598	-7.12772	-7.02883	-0.0988846
2.5995	-7.15311	-7.05661	-0.0964924
2.601	-7.17749	-7.08344	-0.0940581
2.6025	-7.20088	-7.10929	-0.0915826
2.604	-7.22324	-7.13418	-0.0890665
2.6055	-7.2446	-7.15809	-0.0865107
2.607	-7.26493	-7.18101	-0.0839159
2.6085	-7.28423	-7.20294	-0.0812829
2.61	-7.30249	-7.22388	-0.0786126
2.6115	-7.31972	-7.24381	-0.0759057
2.613	-7.3359	-7.26274	-0.0731631
2.6145	-7.35103	-7.28065	-0.0703858
2.616	-7.36511	-7.29754	-0.0675745
2.6175	-7.37813	-7.3134	-0.0647302
2.619	-7.39008	-7.32823	-0.0618539
2.6205	-7.40096	-7.34202	-0.0589464
2.622	-7.41077	-7.35476	-0.0560088
2.6235	-7.4195	-7.36646	-0.053042
2.625	-7.42714	-7.3771	-0.0500471
2.6265	-7.4337	-7.38667	-0.047025
2.628	-7.43916	-7.39518	-0.0439769
2.6295	-7.44353	-7.40262	-0.0409037
2.631	-7.44679	-7.40898	-0.0378065
2.6325	-7.44894	-7.41426	-0.0346864
2.634	-7.44999	-7.41844	-0.0315446
2.6355	-7.44992	-7.42153	-0.0283822
2.637	-7.44873	-7.42353	-0.0252002
2.6385	-7.44641	-7.42441	-0.022
2.64	-7.44297	-7.42419	-0.0187825
2.6415	-7.4384	-7.42286	-0.0155491
2.643	-7.4327	-7.4204	-0.0123009
2.6445	-7.42586	-7.41682	-0.00903923
2.646	-7.41787	-7.41211	-0.00576522
2.6475	-7.40875	-7.40627	-0.00248017
2.649	-7.39847	-7.39928	0.000814673
2.6505	-7.38704	-7.39116	0.00411801
2.652	-7.37446	-7.38189	0.00742855
2.6535	-7.36072	-7.37146	0.010745
2.655	-7.34581	-7.35988	0.014066
2.6565	-7.32975	-7.34714	0.0173902
2.658	-7.31251	-7.33323	0.0207164
2.6595	-7.29411	-7.31815	0.024043
2.661	-7.27454	-7.3019	0.0273688
2.6625	-7.25379	-7.28448	0.0306924
2.664	-7.23186	-7.26587	0.0340123
2.6655	-7.20875	-7.24608	0.0373272
2.667	-7.18446	-7.2251	0.0406357
2.6685	-7.15899	-7.20293	0.0439362
2.67	-7.13233	-7.17956	0.0472275
2.6715	-7.10448	-7.15499	0.0505079
2.673	-7.07544	-7.12922	0.0537762
2.6745	-7.04521	-7.10224	0.0570307
2.676	-7.01379	-7.07406	0.06027
2.6775	-6.98117	-7.04466	0.0634928
2.679	-6.94735	-7.01405	0.0666973
2.6805	-6.91234	-6.98222	0.0698822
2.682	-6.87612	-6.94917	0.073046
2.6835	-6.83871	-6.91489	0.0761871
2.685	-6.80009	-6.87939	0.0793041
2.6865	-6.76027	-6.84266	0.0823954
2.688	-6.71924	-6.8047	0.0854594
2.6895	-6.67701	-6.7655	0.0884948
2.691	-6.63357	-6.72507	0.0914998
2.6925	-6.58893	-6.6834	0.0944731
2.694	-6.54307	-6.64049	0.0974131
2.6955	-6.49601	-6.59633	0.100318
2.697	-6.44775	-6.55093	0.103187
2.6985	-6.39827	-6.50429	0.106017
2.7	-6.34759	-6.45639	0.108809
2.7015	-6.29569	-6.40725	0.111559
2.703	-6.24259	-6.35686	0.114266
2.7045	-6.18828	-6.30521	0.11693
2.706	-6.13276	-6.25231	0.119548
2.7075	-6.07604	-6.19816	0.122119
2.709	-6.0181	-6.14274	0.124641
2.7105	-5.95896	-6.08608	0.127112
2.712	-5.89862	-6.02815	0.129532
2.7135	-5.83706	-5.96896	0.131899
2.715	-5.77431	-5.90852	0.134211
2.7165	-5.71035	-5.84681	0.136467
2.718	-5.64518	-5.78385	0.138665
2.7195	-5.57882	-5.71962	0.140804
2.721	-5.51125	-5.65414	0.142882
2.7225	-5.44249	-5.58739	0.144898
2.724	-5.37253	-5.51938	0.146851
2.7255	-5.30137	-5.45011	0.148738
2.727	-5.22902	-5.37958	0.150559
2.7285	-5.15548	-5.30779	0.152312
2.73	-5.08075	-5.23474	0.153996
2.7315	-5.00483	-5.16044	0.155609
2.733	-4.92772	-5.08487	0.15715
2.7345	-4.84943	-5.00805	0.158618
2.736	-4.76996	-4.92997	0.160011
2.7375	-4.6893	-4.85063	0.161328
2.739	-4.60747	-4.77004	0.162568
2.7405	-4.52447	-4.6882	0.163729
2.742	-4.4403	-4.60511	0.16481
2.7435	-4.35496	-4.52077	0.16581
2.745	-4.26845	-4.43518	0.166728
2.7465	-4.18078	-4.34834	0.167562
2.748	-4.09195	-4.26026	0.168311
2.7495	-4.00196	-4.17094	0.168975
2.751	-3.91083	-4.08038	0.169552
2.7525	-3.81854	-3.98858	0.170041
2.754	-3.72511	-3.89555	0.17044
2.7555	-3.63054	-3.80129	0.17075
2.757	-3.53483	-3.70579	0.170968
2.7585	-3.43798	-3.60908	0.171095
2.76	-3.34001	-3.51114	0.171128
2.7615	-3.24091	-3.41198	0.171068
2.763	-3.14069	-3.3116	0.170912
2.7645	-3.03935	-3.21001	0.170661
2.766	-2.9369	-3.10721	0.170314
2.7675	-2.83334	-3.00321	0.16987
2.769	-2.72868	-2.89801	0.169327
2.7705	-2.62292	-2.79161	0.168687
2.772	-2.51607	-2.68401	0.167946
2.7735	-2.40812	-2.57523	0.167107
2.775	-2.2991	-2.46527	0.166167
2.7765	-2.189	-2.35412	0.165125
2.778	-2.07782	-2.2418	0.163983
2.7795	-1.96558	-2.12832	0.162739
2.781	-1.85227	-2.01367	0.161393
2.7825	-1.73791	-1.89786	0.159945
2.784	-1.6225	-1.78089	0.158393
2.7855	-1.50604	-1.66278	0.156739
2.787	-1.38855	-1.54353	0.154982
2.7885	-1.27002	-1.42314	0.153122
2.79	-1.15047	-1.30163	0.151158
2.7915	-1.0299	-1.17899	0.149092
2.793	-0.908309	-1.05523	0.146922
2.7945	-0.785716	-0.930364	0.144649
2.796	-0.662121	-0.804394	0.142273
2.7975	-0.537533	-0.677328	0.139795
2.799	-0.411958	-0.549172	0.137214
2.8005	-0.285403	-0.419935	0.134532
2.802	-0.157875	-0.289623	0.131747
2.8035	-0.0293812	-0.158244	0.128862
2.805	0.100071	-0.0258056	0.125877
2.8065	0.230475	0.107684	0.122792
2.808	0.361823	0.242216	0.119607
2.8095	0.494107	0.377782	0.116325
2.811	0.62732	0.514375	0.112945
2.8125	0.761454	0.651986	0.109469
2.814	0.896501	0.790604	0.105897
2.8155	1.03245	0.930223	0.102231
2.817	1.1693	1.07083	0.0984711
2.8185	1.30704	1.21242	0.0946198
2.82	1.44566	1.35498	0.0906779
2.8215	1.58515	1.49851	0.0866468
2.823	1.72551	1.64298	0.0825281
2.8245	1.86672	1.7884	0.0783234
2.826	2.00878	1.93474	0.0740342
2.8275	2.15167	2.08201	0.0696625
2.829	2.2954	2.23019	0.0652101
2.8305	2.43994	2.37926	0.0606789
2.832	2.5853	2.52923	0.056071
2.8335	2.73146	2.68007	0.0513887
2.835	2.87841	2.83178	0.046634
2.8365	3.02615	2.98434	0.0418094
2.838	3.17466	3.13774	0.0369174
2.8395	3.32393	3.29197	0.0319605
2.841	3.47396	3.44702	0.0269414
2.8425	3.62474	3.60287	0.0218629
2.844	3.77625	3.75952	0.0167278
2.8455	3.92849	3.91695	0.0115392
2.847	4.08144	4.07514	0.00630011
2.8485	4.2351	4.23408	0.00101384
2.85	4.38945	4.39377	-0.00431631
2.8515	4.54449	4.55418	-0.00968687
2.853	4.7002	4.7153	-0.0150943
2.8545	4.85658	4.87712	-0.0205348
2.856	5.01362	5.03962	-0.0260046
2.8575	5.17129	5.20279	-0.0314998
2.859	5.3296	5.36662	-0.0370163
2.8605	5.48854	5.53109	-0.0425499
2.862	5.64808	5.69618	-0.0480962
2.8635	5.80822	5.86188	-0.0536508
2.865	5.96896	6.02817	-0.059209
2.8665	6.13027	6.19504	-0.0647663
2.868	6.29215	6.36247	-0.0703176
2.8695	6.45458	6.53044	-0.0758579
2.871	6.61756	6.69894	-0.0813822
2.8725	6.78107	6.86796	-0.086885
2.874	6.94511	7.03747	-0.0923611
2.8755	7.10965	7.20746	-0.0978046
2.877	7.27469	7.3779	-0.10321
2.8785	7.44022	7.54879	-0.108571
2.88	7.60622	7.72011	-0.113883
2.8815	7.77269	7.89183	-0.119137
2.883	7.93961	8.06394	-0.12433
2.8845	8.10696	8.23642	-0.129453
2.886	8.27475	8.40925	-0.1345
2.8875	8.44294	8.58241	-0.139464
2.889	8.61154	8.75588	-0.144339
2.8905	8.78053	8.92965	-0.149116
2.892	8.9499	9.10369	-0.15379
2.8935	9.11963	9.27798	-0.158351
2.895	9.28972	9.45251	-0.162794
2.8965	9.46014	9.62725	-0.167108
2.898	9.63089	9.80218	-0.171288
2.8995	9.80196	9.97728	-0.175323
2.901	9.97332	10.1525	-0.179207
2.9025	10.145	10.3279	-0.18293
2.904	10.3169	10.5034	-0.186484
2.9055	10.4891	10.679	-0.189859
2.907	10.6616	10.8546	-0.193046
2.9085	10.8342	11.0303	-0.196037
2.91	11.0071	11.206	-0.198821
2.9115	11.1803	11.3816	-0.201389
2.913	11.3536	11.5573	-0.203731
2.9145	11.5271	11.7329	-0.205837
2.916	11.7007	11.9084	-0.207695
2.9175	11.8745	12.0838	-0.209297
2.919	12.0485	12.2591	-0.21063
2.9205	12.2226	12.4343	-0.211685
2.922	12.3968	12.6093	-0.212449
2.9235	12.5711	12.784	-0.212912
2.925	12.7455	12.9586	-0.213061
2.9265	12.92	13.1329	-0.212885
2.928	13.0945	13.3069	-0.212373
2.9295	13.2691	13.4806	-0.21151
2.931	13.4437	13.654	-0.210286
2.9325	13.6184	13.8271	-0.208687
2.934	13.793	13.9997	-0.2067
2.9355	13.9676	14.172	-0.204312
2.937	14.1422	14.3438	-0.201509
2.9385	14.3168	14.5151	-0.198279
2.94	14.4913	14.6859	-0.194606
2.9415	14.6658	14.8563	-0.190477
2.943	14.8402	15.026	-0.185878
2.9445	15.0144	15.1952	-0.180793
2.946	15.1886	15.3638	-0.175207
2.9475	15.3626	15.5318	-0.169106
2.949	15.5366	15.699	-0.162474
2.9505	15.7103	15.8656	-0.155296
2.952	15.8839	16.0315	-0.147555
2.9535	16.0573	16.1965	-0.139235
2.955	16.2305	16.3608	-0.130319
2.9565	16.4035	16.5243	-0.120792
2.958	16.5763	16.6869	-0.110635
2.9595	16.7488	16.8487	-0.0998317
2.961	16.9211	17.0095	-0.0883644
2.9625	17.0931	17.1693	-0.0762152
2.964	17.2649	17.3282	-0.0633659
2.9655	17.4363	17.4861	-0.0497981
2.967	17.6074	17.6429	-0.035493
2.9685	17.7782	17.7986	-0.0204318
2.97	17.9487	17.9532	-0.00459497
2.9715	18.1187	18.1067	0.012037
2.973	18.2885	18.259	0.0294839
2.9745	18.4578	18.41	0.047766
2.976	18.6267	18.5598	0.0669039
2.9775	18.7952	18.7083	0.0869182
2.979	18.9633	18.8555	0.10783
2.9805	19.131	19.0013	0.129661
2.982	19.2981	19.1457	0.152433
2.9835	19.4648	19.2887	0.176167
2.985	19.631	19.4302	0.200887
2.9865	19.7967	19.5701	0.226614
2.988	19.9619	19.7085	0.253373
2.9895	20.1266	19.8454	0.281185
2.991	20.2907	19.9806	0.310075
2.9925	20.4542	20.1141	0.340067
2.994	20.6171	20.2459	0.371186
2.9955	20.7795	20.376	0.403454
2.997	20.9412	20.5043	0.436899
2.9985	21.1023	20.6308	0.471545
3	21.2628	20.7554	0.507418
